phonemeScorers.SingleGaussianPhonemeScorer{ś:-1.4882152:{mean:[12885.782508826927,2.1228889491594707,-2.051421299583906,-0.2668001376173519,0.4872329291898725,-0.05124169568255857,-0.14207978930481585,0.06498453054359885,-0.0624105275502164,0.09984163736651311,0.004129128542105091,0.003277685544168797,0.023031779531551957,0.021025870012684446,6.535025663987639E-4,0.005093653520592862,0.007306311647457514,0.0035468696962948952,-0.006837553187198115,-6.631991294098092E-4,-0.006240694692780458,-0.0017450096833223619,-0.002369472640860679,-0.001037015848267664,3.7147482516577734E-4,0.0014346892975179236,0.0014768688193512122,-0.01649115081993243,0.02857440204275859,9.779633415886574E-4,-0.004384770911152071,-3.0043003101083623E-4,0.001079007253622999,-0.002659745811723499,2.0940768874852972E-4,-0.0015507810721325822,-0.0015620422076340049,6.611678835046901E-4,-0.0019050624819861054,0.0011472164296373421],covariances:[[1.001587642392426E8,8059.338483696535,-4389.721407762524,-211.1807031866509,320.02979407761757,-853.3276376561788,-284.6092060270906,326.7315274918581,36.16858608396307,88.34837573109488,74.63900040425742,164.35369359483786,14.397436915708274,191.4660219586303,74.35582812723587,-74.30223684694818,-238.0995824056165,-142.63824479098088,-108.22410922120308,-55.86081315386191,-7.938759930596083,-10.817276981863714,-28.749430362069575,10.511381920584041,32.94203534799775,30.61689731514714,1.8216958561326246,-171.23033573952463,258.3890344241112,63.1147133338602,-22.091929414012174,70.69167035111678,-2.478301373566225,19.459224336602027,-9.281888648627554,-32.524266567499396,0.9497551369092881,-44.62702913345622,-1.461064124413645,-26.660289967984074],[8059.338483696535,1.4638161038739776,-0.026552245981182866,-0.07523732509017303,0.03517276381718505,-0.03694226155898879,-0.04886279869161231,0.022219144492324414,-0.010763482194822843,-0.01391700730377399,-0.027439933745970417,2.108373170360825E-4,-0.028411772388414056,-0.009428765115098938,0.009129222113667587,-0.015238462283689178,-0.017821620153389898,-0.0052574778615769166,-0.00650397772068867,-0.001742748722677863,6.84445958400649E-4,-0.0016338270889434052,-0.0017737125614083911,-5.815459790925817E-4,6.465082713523179E-4,0.00443267634758901,8.17297926758731E-4,-0.05449920815475036,0.0018708869510835988,0.005971157004753328,9.096657997939109E-4,-3.3075640050390546E-4,0.005063143893419616,0.0014444960934848245,1.1157902622320638E-4,0.0014135199828817007,-8.757827939818195E-4,-1.1727142408392565E-4,3.69337788754155E-4,0.0017592577833379966],[-4389.721407762524,-0.026552245981182866,0.7629547294276278,0.08586645299280617,-0.013616727487667023,0.059504890214640525,0.04916213078080771,-0.04312617508798019,-0.004934762680745546,-0.039793973136850215,-0.05081971941748187,-0.025750577488338654,-0.02223808588016818,-0.029438811966771554,0.004919356780929039,0.023288754664217134,0.021034871200510213,0.015383592651174232,0.018045283069155163,0.006456862210142854,-0.001984657969021869,7.453441593359726E-4,4.309199427721205E-4,-0.004986820504534926,-0.004786625372840923,-7.688102135014824E-4,-0.004074162905999855,-0.004855508700792579,-0.039093269513116195,-0.012775208921557311,-0.007255912093267659,-0.006817572024546216,-0.001524609326406251,-0.0015360423069115195,0.0019133920118022747,0.0025847540661708686,0.0036491740845722674,0.006784001850870904,2.3557410979227635E-4,0.005760115451144573],[-211.1807031866509,-0.07523732509017303,0.08586645299280617,0.15015610989816386,0.0026387194572931086,-0.00875847707936329,0.032443596783903836,-0.01143207394626093,0.013052010713912248,-0.0015245686199430075,-0.01258270036225181,-0.01680899227713056,-0.003002953487767963,0.001391289406232382,0.0156973272466395,-0.003797548296338424,5.529971756682917E-4,-0.0018516743122442886,0.0013001551669670648,-1.6630729393581295E-4,-0.002293766225266778,-0.0013840465064881289,1.7221001200492768E-4,-3.0188146121908017E-4,-0.0010235803795529343,-0.0015596308319752086,-1.1509632662750782E-5,0.0081654092431504,-0.009925498754075786,-0.020676763036312527,-0.006079631933645342,-0.0015748954195380484,-4.759683717097127E-4,2.4187548723419387E-4,2.4790051649466475E-4,6.649322358527681E-4,0.002553671930595514,0.0035266992011946507,0.0013311351342526901,0.0011764775283539604],[320.02979407761757,0.03517276381718505,-0.013616727487667023,0.0026387194572931086,0.11636523194340227,0.01177808162317071,-0.02354758519591499,0.01307669076222607,-0.0030952016548604277,0.005233154473494911,-0.004600940774767947,-0.005885395301633656,-0.005952330227340879,-7.115493534055018E-4,0.0020866738320697237,-0.007799840864049305,0.0017208534318097993,-4.0191768065342924E-4,-6.424906451901489E-4,7.370022363791662E-4,-2.404714216308681E-4,-7.288923819842477E-4,6.632779251965329E-4,-9.309973857241698E-4,8.776085899025635E-4,0.0012467378706975344,3.436252096794918E-5,-3.3840672925384776E-4,7.230316994839423E-4,-0.004594108001046712,-0.016661427486487496,-0.0030330047517090008,0.0023155824195553736,1.9266471597221833E-4,5.24160807439241E-4,7.244549110005518E-4,9.427985589975586E-4,0.0015829216311397554,0.0011693203304028645,5.685471828355317E-4],[-853.3276376561788,-0.03694226155898879,0.059504890214640525,-0.00875847707936329,0.01177808162317071,0.08008544318161537,0.009568275079862952,0.00491971720340585,-0.008149557387320951,-0.005680213412267051,-0.004600019215643996,6.29919982951187E-4,0.002628533345631961,-0.007396772530051207,0.007449858345917313,-0.02558972972681853,-5.410133803130027E-4,0.002489432509068304,-0.0021930849603396065,-0.0016929014744543516,0.0014151981306367992,5.76791087651651E-4,2.3222474463606017E-4,0.0015271856407969551,0.0016066576490571778,6.995316503736534E-4,4.647280290971957E-4,-0.0027128895089628853,-0.0018644082179469768,-4.330836627026983E-4,-0.0048587548925565615,-0.012999229695090242,-0.001984475112917301,9.161939822089905E-4,0.0010149877069015282,9.437521077518832E-4,0.001258030152289243,5.329437008044203E-4,6.479722406227581E-5,7.61261341841022E-4],[-284.6092060270906,-0.04886279869161231,0.04916213078080771,0.032443596783903836,-0.02354758519591499,0.009568275079862952,0.04598903433462901,-7.993923769075553E-4,7.006132695119944E-4,-0.006008285968831548,-0.0043125594518846275,-5.56050921011482E-4,0.0013671726499056903,-0.0012811892780067438,9.833007155860708E-4,-0.007180278861282416,5.792650284863543E-4,3.310573491991118E-4,7.60270177815371E-4,-2.603022471460701E-4,-6.330354989538914E-4,7.941320449050586E-4,2.1442060241956E-4,7.881936898834904E-4,-4.871028973317578E-5,-1.8915302994241772E-4,4.8404239355128055E-4,0.001744933536668267,-0.0010514215336023022,-1.2575516062085862E-4,0.0021054392524277677,-0.002734028702213695,-0.01258629190147705,-0.0013573948766703106,0.0017832030493078101,2.5949563968675956E-4,9.415832401408022E-4,-1.895328198937464E-4,2.2743213718859817E-4,-9.696825848284605E-5],[326.7315274918581,0.022219144492324414,-0.04312617508798019,-0.01143207394626093,0.01307669076222607,0.00491971720340585,-7.993923769075553E-4,0.03352967879609088,0.0010824685359407385,5.337065733938864E-4,0.0032834536831579863,0.0024017957763315047,7.884934905062611E-4,6.248534874945716E-4,0.001277842762924425,-0.011772849481525235,1.4071928116290514E-4,6.986731101774772E-4,-0.0023944451067158083,-2.350768672785625E-4,8.557878599581253E-4,4.435469967701329E-4,0.0011363899766328258,7.707732808743484E-4,-1.3633254779990732E-4,-2.3353281963520273E-5,2.717951647454737E-4,0.0024418740408643936,0.0016508429333309033,9.945907411014383E-4,0.001121315294233044,0.0012382780779063931,-0.0015946190853870184,-0.010072978269793517,-0.0014036336585072488,8.404846299190426E-4,-2.511968590075092E-4,-2.0312622458550084E-4,3.3080667225333525E-5,-4.0735930865857204E-5],[36.16858608396307,-0.010763482194822843,-0.004934762680745546,0.013052010713912248,-0.0030952016548604277,-0.008149557387320951,7.006132695119944E-4,0.0010824685359407385,0.02509738116033688,0.007127649425157675,-0.0028832642159014456,-0.0033845052277972094,-0.0012652920474809366,0.0012992347900704702,0.0036065918681622774,-8.631540094533972E-4,-4.3406199996756167E-5,-2.6194407402634333E-4,9.255596483018539E-4,-2.6757357382581927E-5,-1.9467526569993477E-4,-2.2979683402760161E-4,-1.864047752705895E-4,-6.496588689969419E-4,-2.3520328220900895E-4,-2.419172930477592E-4,-2.4036771377952896E-4,0.0015989968857372603,0.0013651132362636582,5.145585599993633E-4,4.8568008117468275E-4,0.0017673699636368545,0.0017025930343372738,-0.0013458305924012608,-0.010567925226848258,-0.002500914226407251,7.936097853321347E-4,3.1395229732852E-4,4.3770355449538944E-4,5.068260624564192E-4],[88.34837573109488,-0.01391700730377399,-0.039793973136850215,-0.0015245686199430075,0.005233154473494911,-0.005680213412267051,-0.006008285968831548,5.337065733938864E-4,0.007127649425157675,0.023644199189887662,0.004779008680604372,-0.0026489222190384278,-4.8713662981779323E-4,0.0014862139750784847,0.003095910731250896,-0.007280538159356574,-0.001113676518530257,-2.0693785107124074E-4,-6.023788471402011E-4,-4.069192457144553E-4,-2.3462407700077044E-5,1.7577473079944165E-4,1.1497596323213472E-4,2.793390089303915E-5,8.361326229568712E-4,5.679217406956104E-4,-1.961187204839309E-4,7.653525876215032E-4,0.0033610215299794285,0.0012539595976576534,0.001272962035038792,0.001767541450764643,6.954976551901378E-4,9.450067653128364E-4,-0.0024142513117625685,-0.01053950274905269,-0.0015554986717357688,7.431282294792955E-4,-4.4970648334097297E-5,3.7257166013881745E-4],[74.63900040425742,-0.027439933745970417,-0.05081971941748187,-0.01258270036225181,-0.004600940774767947,-0.004600019215643996,-0.0043125594518846275,0.0032834536831579863,-0.0028832642159014456,0.004779008680604372,0.022300295850658267,0.0064841790231148074,6.87519082243596E-5,6.684648591308899E-4,9.23673219501825E-4,-0.001141284408190319,-4.121187453154149E-4,-6.693435327829062E-5,-0.0013906927327741374,-8.259346785198217E-4,1.926801546980265E-4,3.6718037239503266E-4,2.193598085312177E-4,2.2568998806517045E-4,-4.6581672091459075E-4,-5.677135457625616E-4,1.4535725623068714E-5,0.0025306006743552527,0.003649690353819158,0.0025756673425536233,0.002467132500923068,0.0014863122333124074,7.09208747264753E-4,1.2616302258990907E-5,7.477773090320564E-4,-0.0014968272973689715,-0.0101928096885075,-0.0025287857178815532,8.100545125184151E-4,-2.127839693320864E-4],[164.35369359483786,2.108373170360825E-4,-0.025750577488338654,-0.01680899227713056,-0.005885395301633656,6.29919982951187E-4,-5.56050921011482E-4,0.0024017957763315047,-0.0033845052277972094,-0.0026489222190384278,0.0064841790231148074,0.01817495538885599,0.004963156889755556,-0.002921034229426192,-0.0027475045050268133,0.0019304280161651438,4.606284601735503E-4,-0.0013372869955704933,-0.0015589555213220804,-6.68930367768923E-5,9.313216742850542E-4,6.269477493849095E-4,-2.9201999795792184E-4,7.30645368558765E-4,-2.011009897211395E-5,-3.634136911642663E-4,7.471830796107006E-5,0.0015119685127672389,0.0034262244317051736,0.0031933875581568482,0.0022826814767559125,7.698054523369128E-4,-4.440762178910629E-4,1.0124766755567496E-4,5.337690769734391E-4,0.0011255068575013725,-0.0021948209423899253,-0.010308166290650986,-0.0016712348283366067,9.764315353104326E-4],[14.397436915708274,-0.028411772388414056,-0.02223808588016818,-0.003002953487767963,-0.005952330227340879,0.002628533345631961,0.0013671726499056903,7.884934905062611E-4,-0.0012652920474809366,-4.8713662981779323E-4,6.87519082243596E-5,0.004963156889755556,0.01659881178811679,0.0030534702700415555,-0.005058647869198538,0.0018953833175364774,5.496729640550035E-4,-0.0010375874745386373,-8.911356964976245E-5,1.812213327915931E-4,7.352900187646103E-4,8.16954643995469E-5,-7.374007243760375E-4,5.028139959184642E-4,3.6632990399006063E-4,-4.1332545490914723E-5,-3.7635196261842424E-4,0.0011691334798155507,0.0018330593307898935,0.0014909953156453145,0.0012630580742819069,6.656565907407724E-4,5.331603405972508E-5,4.082270976419947E-4,2.1912913948843142E-4,-2.1727618886146778E-4,8.886179514398522E-4,-0.0017795983850035983,-0.008189017326162364,-0.0012010760310041243],[191.4660219586303,-0.009428765115098938,-0.029438811966771554,0.001391289406232382,-7.115493534055018E-4,-0.007396772530051207,-0.0012811892780067438,6.248534874945716E-4,0.0012992347900704702,0.0014862139750784847,6.684648591308899E-4,-0.002921034229426192,0.0030534702700415555,0.016263903635029844,-0.0025196048262252223,0.00503362179730521,-1.1757938348637484E-4,-4.383480223886963E-4,3.2815286726902543E-4,-9.770637470120134E-6,5.7972656933035436E-5,1.3798336245295236E-4,4.099092555849607E-5,5.731304084137083E-5,2.5822389799322435E-4,4.6595544894733465E-4,-6.222318396240787E-5,0.0023781494007150193,0.0025232734911833886,0.0010524649759820178,3.6193264524259804E-4,6.924063044576471E-4,8.704036556955155E-5,2.870763273701784E-4,3.5721059949776095E-4,3.9063781712059384E-4,-8.780198495372953E-5,0.001145757137168388,-9.94166085140099E-4,-0.008949392201739436],[74.35582812723587,0.009129222113667587,0.004919356780929039,0.0156973272466395,0.0020866738320697237,0.007449858345917313,9.833007155860708E-4,0.001277842762924425,0.0036065918681622774,0.003095910731250896,9.23673219501825E-4,-0.0027475045050268133,-0.005058647869198538,-0.0025196048262252223,0.23347923006427543,0.02772369068681707,-0.0037040024159452,-0.014468453917293383,-0.021472109357829144,-0.01287769538740257,-0.0014766248340385417,-0.0016048556470722424,-0.004110524438326466,-0.004984040223977974,-0.002821639575359695,-0.003175530510205275,-0.005808630906923345,0.005336143723915309,5.932413667492777E-5,-0.0022641296043707394,-6.9180394579895E-4,9.521279784243002E-5,0.0011498960012394182,7.056160789567165E-4,-0.0027436889402577412,3.9609672813574503E-4,-0.001520659161285663,-0.0024050634486546363,3.091855851412474E-4,-0.0011765164498523108],[-74.30223684694818,-0.015238462283689178,0.023288754664217134,-0.003797548296338424,-0.007799840864049305,-0.02558972972681853,-0.007180278861282416,-0.011772849481525235,-8.631540094533972E-4,-0.007280538159356574,-0.001141284408190319,0.0019304280161651438,0.0018953833175364774,0.00503362179730521,0.02772369068681707,0.21200540563241974,0.03721467493846049,-0.012595675857671127,7.034188186296749E-4,0.0016446792342508167,-0.0081685844448668,-0.004513175495854899,-0.012775445841948094,-0.01564096894716034,-0.011837958716265862,-0.008895469794408108,-0.008167968542712433,0.0029351015677245846,-0.0014273945024992616,0.0012137693386934751,-0.0016144364192710212,9.894252548182083E-6,8.542223104761492E-4,-0.0014154285726185871,-0.0015296728200309658,3.886505917371386E-4,-0.0021357534450076945,-0.0018975107605475096,-0.0011999706161933711,-4.7717498361408837E-4],[-238.0995824056165,-0.017821620153389898,0.021034871200510213,5.529971756682917E-4,0.0017208534318097993,-5.410133803130027E-4,5.792650284863543E-4,1.4071928116290514E-4,-4.3406199996756167E-5,-0.001113676518530257,-4.121187453154149E-4,4.606284601735503E-4,5.496729640550035E-4,-1.1757938348637484E-4,-0.0037040024159452,0.03721467493846049,0.04135906848144172,0.010107153928585466,0.0013830459044151075,-8.642795422684573E-4,-0.0019355971345121424,-0.0010603175410193412,-0.0024877293082111143,-0.005770516234445385,-0.006400795539401343,-0.0027920765031889307,-0.0021111534030365518,1.2965505705045098E-4,-0.0012246668826189763,3.219576893727222E-4,-3.6862617391967363E-4,-7.828148836819417E-4,-3.324666400297471E-4,-0.0012144582331252358,-9.345014515552417E-4,-5.2802702283903E-5,-6.261853386176664E-4,-6.108032162590193E-4,-9.869216725259364E-4,4.4138661678213913E-4],[-142.63824479098088,-0.0052574778615769166,0.015383592651174232,-0.0018516743122442886,-4.0191768065342924E-4,0.002489432509068304,3.310573491991118E-4,6.986731101774772E-4,-2.6194407402634333E-4,-2.0693785107124074E-4,-6.693435327829062E-5,-0.0013372869955704933,-0.0010375874745386373,-4.383480223886963E-4,-0.014468453917293383,-0.012595675857671127,0.010107153928585466,0.035901295333978074,0.012770184112182078,-0.0023262907319543088,-0.0013521325176550569,-5.418335670138863E-4,-8.690131833193955E-4,-0.0025846639312077993,-0.00350039615044531,-0.0019140801918658273,-6.03471306657143E-4,0.002012616119418944,0.0022663740566528996,1.0809987038110741E-4,-9.362416610222801E-5,-6.255477841376914E-5,-9.962203323764072E-6,-8.663761909817612E-4,-8.314711433763673E-4,-6.634254643698257E-4,-6.397825103352131E-4,8.651618830775326E-4,-1.9246221656957164E-4,-7.357815977213424E-4],[-108.22410922120308,-0.00650397772068867,0.018045283069155163,0.0013001551669670648,-6.424906451901489E-4,-0.0021930849603396065,7.60270177815371E-4,-0.0023944451067158083,9.255596483018539E-4,-6.023788471402011E-4,-0.0013906927327741374,-0.0015589555213220804,-8.911356964976245E-5,3.2815286726902543E-4,-0.021472109357829144,7.034188186296749E-4,0.0013830459044151075,0.012770184112182078,0.028888627342294873,0.0077291913751993116,-0.0017720260833313487,-0.00298815552348478,-0.002289616929875813,-0.0022403732900652166,-0.0011667432231374166,-0.0011308537493124218,-0.0011287667622329096,2.7900347921524263E-4,0.001262673790986956,6.784748277601442E-4,-1.8954381386213526E-4,-7.075181667094658E-5,-6.051980698171572E-4,-7.922602019301725E-4,-0.0011310307644202468,-8.37510247981205E-5,-1.6390688238796967E-4,2.3584813758636261E-4,3.628434990111533E-5,1.1667936262670589E-6],[-55.86081315386191,-0.001742748722677863,0.006456862210142854,-1.6630729393581295E-4,7.370022363791662E-4,-0.0016929014744543516,-2.603022471460701E-4,-2.350768672785625E-4,-2.6757357382581927E-5,-4.069192457144553E-4,-8.259346785198217E-4,-6.68930367768923E-5,1.812213327915931E-4,-9.770637470120134E-6,-0.01287769538740257,0.0016446792342508167,-8.642795422684573E-4,-0.0023262907319543088,0.0077291913751993116,0.024389745769598223,0.003950286572004401,-0.0031791828641177626,-0.0014399458526726324,-0.001922718534005046,8.938182248289419E-4,-1.1725105296408997E-4,-3.6963548127517236E-5,-0.0018193847752296386,-4.470792003219654E-4,6.368197760103637E-4,3.7927680283552564E-5,5.37429519225847E-4,-2.4324707097440196E-4,-7.461144894054586E-4,-1.91303262729361E-4,5.212702992465129E-5,6.384863051105201E-4,1.526627714448417E-4,9.276350743113793E-4,-4.511440364326737E-5],[-7.938759930596083,6.84445958400649E-4,-0.001984657969021869,-0.002293766225266778,-2.404714216308681E-4,0.0014151981306367992,-6.330354989538914E-4,8.557878599581253E-4,-1.9467526569993477E-4,-2.3462407700077044E-5,1.926801546980265E-4,9.313216742850542E-4,7.352900187646103E-4,5.7972656933035436E-5,-0.0014766248340385417,-0.0081685844448668,-0.0019355971345121424,-0.0013521325176550569,-0.0017720260833313487,0.003950286572004401,0.019595665243736952,0.0033937750062114696,-0.0012053473131139292,7.586530291039678E-4,4.2524589467266374E-4,3.8681518744799613E-4,8.121245402123105E-5,-0.0010808760476834426,8.343700909425726E-4,0.001306226991835206,9.846734389447787E-4,5.79764929587736E-4,6.28539553695616E-4,1.9913793923523706E-4,3.20258241762377E-4,-7.193116810406837E-5,3.172952574884472E-4,-7.247440678748768E-4,-1.61499489841251E-4,-8.677774287290957E-4],[-10.817276981863714,-0.0016338270889434052,7.453441593359726E-4,-0.0013840465064881289,-7.288923819842477E-4,5.76791087651651E-4,7.941320449050586E-4,4.435469967701329E-4,-2.2979683402760161E-4,1.7577473079944165E-4,3.6718037239503266E-4,6.269477493849095E-4,8.16954643995469E-5,1.3798336245295236E-4,-0.0016048556470722424,-0.004513175495854899,-0.0010603175410193412,-5.418335670138863E-4,-0.00298815552348478,-0.0031791828641177626,0.0033937750062114696,0.019444225338932444,0.005357852774428873,-7.811814059058576E-4,-8.094035332116034E-4,-5.107213167337604E-4,-5.913505704781737E-4,0.0028590979197639804,0.0015159926360514473,9.323031432491631E-4,7.574465332551854E-4,0.00108329581793063,1.5628151920603955E-4,-5.277729782490326E-4,-5.7277154316433615E-5,-1.1023294106697474E-4,-0.0010137042953826938,-5.438953755334512E-4,-1.60345250475673E-4,-2.9087354471662985E-4],[-28.749430362069575,-0.0017737125614083911,4.309199427721205E-4,1.7221001200492768E-4,6.632779251965329E-4,2.3222474463606017E-4,2.1442060241956E-4,0.0011363899766328258,-1.864047752705895E-4,1.1497596323213472E-4,2.193598085312177E-4,-2.9201999795792184E-4,-7.374007243760375E-4,4.099092555849607E-5,-0.004110524438326466,-0.012775445841948094,-0.0024877293082111143,-8.690131833193955E-4,-0.002289616929875813,-0.0014399458526726324,-0.0012053473131139292,0.005357852774428873,0.019683657080430576,0.0040372657849495185,-0.0012019061211246541,1.7218205692934568E-4,-6.433510957421049E-4,-2.0191526599562472E-4,-6.002253434327153E-4,1.7249821805557705E-4,7.797888314608527E-4,1.6856577769759978E-4,-8.903556508298322E-5,-8.402837846898399E-5,4.63550823433641E-5,-7.641137427227785E-5,9.030505650787839E-6,6.411824054438625E-4,-6.839920158484465E-5,-7.548359202252597E-4],[10.511381920584041,-5.815459790925817E-4,-0.004986820504534926,-3.0188146121908017E-4,-9.309973857241698E-4,0.0015271856407969551,7.881936898834904E-4,7.707732808743484E-4,-6.496588689969419E-4,2.793390089303915E-5,2.2568998806517045E-4,7.30645368558765E-4,5.028139959184642E-4,5.731304084137083E-5,-0.004984040223977974,-0.01564096894716034,-0.005770516234445385,-0.0025846639312077993,-0.0022403732900652166,-0.001922718534005046,7.586530291039678E-4,-7.811814059058576E-4,0.0040372657849495185,0.019009040696283508,0.005365073801933154,-5.465117163104513E-4,2.4137927860668978E-4,3.708777921506972E-4,0.0010404488175620142,7.567381915106251E-4,6.127379014119004E-4,7.281165943084384E-5,-4.388521487022588E-4,-2.067037875040467E-5,0.0010762727759771268,-2.061457452796992E-5,9.450856417806707E-5,-8.362297658746287E-4,-5.173957100133637E-4,1.3876986337585269E-5],[32.94203534799775,6.465082713523179E-4,-0.004786625372840923,-0.0010235803795529343,8.776085899025635E-4,0.0016066576490571778,-4.871028973317578E-5,-1.3633254779990732E-4,-2.3520328220900895E-4,8.361326229568712E-4,-4.6581672091459075E-4,-2.011009897211395E-5,3.6632990399006063E-4,2.5822389799322435E-4,-0.002821639575359695,-0.011837958716265862,-0.006400795539401343,-0.00350039615044531,-0.0011667432231374166,8.938182248289419E-4,4.2524589467266374E-4,-8.094035332116034E-4,-0.0012019061211246541,0.005365073801933154,0.01830308503092141,0.004016322838537362,-0.001500575157075128,0.0013299946836461685,0.0017086738561376007,7.41090901288933E-4,-9.558227581239395E-4,-1.767354550387491E-4,6.706991909466693E-5,8.018734911856501E-4,5.400824865699881E-4,-5.685690352553906E-4,9.449634882600028E-4,-8.560208624662483E-5,-5.573837140336645E-5,-3.0387012968469433E-4],[30.61689731514714,0.00443267634758901,-7.688102135014824E-4,-0.0015596308319752086,0.0012467378706975344,6.995316503736534E-4,-1.8915302994241772E-4,-2.3353281963520273E-5,-2.419172930477592E-4,5.679217406956104E-4,-5.677135457625616E-4,-3.634136911642663E-4,-4.1332545490914723E-5,4.6595544894733465E-4,-0.003175530510205275,-0.008895469794408108,-0.0027920765031889307,-0.0019140801918658273,-0.0011308537493124218,-1.1725105296408997E-4,3.8681518744799613E-4,-5.107213167337604E-4,1.7218205692934568E-4,-5.465117163104513E-4,0.004016322838537362,0.015286883849970479,0.002517186017631453,-7.634164868281874E-4,0.00153695728083183,0.0011166642555543098,2.4453628645121524E-4,-2.3412145080908322E-6,-8.504193986080805E-4,2.2500150139842835E-4,1.2438509129580763E-4,-5.3505050844939136E-5,4.83296447302512E-4,-1.0101945547176568E-4,-8.798562732834237E-5,-2.2035031873312408E-4],[1.8216958561326246,8.17297926758731E-4,-0.004074162905999855,-1.1509632662750782E-5,3.436252096794918E-5,4.647280290971957E-4,4.8404239355128055E-4,2.717951647454737E-4,-2.4036771377952896E-4,-1.961187204839309E-4,1.4535725623068714E-5,7.471830796107006E-5,-3.7635196261842424E-4,-6.222318396240787E-5,-0.005808630906923345,-0.008167968542712433,-0.0021111534030365518,-6.03471306657143E-4,-0.0011287667622329096,-3.6963548127517236E-5,8.121245402123105E-5,-5.913505704781737E-4,-6.433510957421049E-4,2.4137927860668978E-4,-0.001500575157075128,0.002517186017631453,0.015890567030854418,4.778219026822842E-4,4.3344789052542114E-4,-3.399367066038429E-4,4.6287274186385574E-4,5.193531330891719E-5,1.66579171996306E-4,8.468936772851926E-4,2.9470639631073786E-4,9.010164212680745E-4,4.566912559095823E-5,3.913584063711726E-4,2.474299989475415E-4,-6.82398872859417E-5],[-171.23033573952463,-0.05449920815475036,-0.004855508700792579,0.0081654092431504,-3.3840672925384776E-4,-0.0027128895089628853,0.001744933536668267,0.0024418740408643936,0.0015989968857372603,7.653525876215032E-4,0.0025306006743552527,0.0015119685127672389,0.0011691334798155507,0.0023781494007150193,0.005336143723915309,0.0029351015677245846,1.2965505705045098E-4,0.002012616119418944,2.7900347921524263E-4,-0.0018193847752296386,-0.0010808760476834426,0.0028590979197639804,-2.0191526599562472E-4,3.708777921506972E-4,0.0013299946836461685,-7.634164868281874E-4,4.778219026822842E-4,0.22322776897258695,0.12056272788740845,0.024379204247036584,-0.029916112495302988,-0.029288539448601922,-0.010320034435879984,-0.0023998363952457613,-0.0035156950881111227,-0.010897125620159018,-0.009072718430633078,-0.004680232644021585,-0.00456945321836796,-0.006926970764441133],[258.3890344241112,0.0018708869510835988,-0.039093269513116195,-0.009925498754075786,7.230316994839423E-4,-0.0018644082179469768,-0.0010514215336023022,0.0016508429333309033,0.0013651132362636582,0.0033610215299794285,0.003649690353819158,0.0034262244317051736,0.0018330593307898935,0.0025232734911833886,5.932413667492777E-5,-0.0014273945024992616,-0.0012246668826189763,0.0022663740566528996,0.001262673790986956,-4.470792003219654E-4,8.343700909425726E-4,0.0015159926360514473,-6.002253434327153E-4,0.0010404488175620142,0.0017086738561376007,0.00153695728083183,4.3344789052542114E-4,0.12056272788740845,0.12118369337771903,0.0343347826951975,-0.018299606609500686,-0.019965942925328897,-0.008663956345117596,-3.131160828173533E-5,-0.002947237421001181,-0.009160843956246398,-0.009237985480623672,-0.006292411697127782,-0.004434557061034834,-0.007348469959170239],[63.1147133338602,0.005971157004753328,-0.012775208921557311,-0.020676763036312527,-0.004594108001046712,-4.330836627026983E-4,-1.2575516062085862E-4,9.945907411014383E-4,5.145585599993633E-4,0.0012539595976576534,0.0025756673425536233,0.0031933875581568482,0.0014909953156453145,0.0010524649759820178,-0.0022641296043707394,0.0012137693386934751,3.219576893727222E-4,1.0809987038110741E-4,6.784748277601442E-4,6.368197760103637E-4,0.001306226991835206,9.323031432491631E-4,1.7249821805557705E-4,7.567381915106251E-4,7.41090901288933E-4,0.0011166642555543098,-3.399367066038429E-4,0.024379204247036584,0.0343347826951975,0.04073740214349614,0.008659879557308476,-0.0026240255490249456,-0.0030213255271167236,-0.0011244072469653156,-0.0015001830673353881,-0.003679816004096007,-0.005451540547532842,-0.005990861259642993,-0.0030547995243334057,-0.003144239011734639],[-22.091929414012174,9.096657997939109E-4,-0.007255912093267659,-0.006079631933645342,-0.016661427486487496,-0.0048587548925565615,0.0021054392524277677,0.001121315294233044,4.8568008117468275E-4,0.001272962035038792,0.002467132500923068,0.0022826814767559125,0.0012630580742819069,3.6193264524259804E-4,-6.9180394579895E-4,-0.0016144364192710212,-3.6862617391967363E-4,-9.362416610222801E-5,-1.8954381386213526E-4,3.7927680283552564E-5,9.846734389447787E-4,7.574465332551854E-4,7.797888314608527E-4,6.127379014119004E-4,-9.558227581239395E-4,2.4453628645121524E-4,4.6287274186385574E-4,-0.029916112495302988,-0.018299606609500686,0.008659879557308476,0.04055118505452605,0.016601653265599304,2.588501163741862E-4,-0.0020192602109352356,-0.0018146440789281024,-0.0012168073955281997,-0.0026253096526727975,-0.003956611863499079,-0.002357374856757756,-5.390304072846564E-4],[70.69167035111678,-3.3075640050390546E-4,-0.006817572024546216,-0.0015748954195380484,-0.0030330047517090008,-0.012999229695090242,-0.002734028702213695,0.0012382780779063931,0.0017673699636368545,0.001767541450764643,0.0014863122333124074,7.698054523369128E-4,6.656565907407724E-4,6.924063044576471E-4,9.521279784243002E-5,9.894252548182083E-6,-7.828148836819417E-4,-6.255477841376914E-5,-7.075181667094658E-5,5.37429519225847E-4,5.79764929587736E-4,0.00108329581793063,1.6856577769759978E-4,7.281165943084384E-5,-1.767354550387491E-4,-2.3412145080908322E-6,5.193531330891719E-5,-0.029288539448601922,-0.019965942925328897,-0.0026240255490249456,0.016601653265599304,0.03276634906563615,0.009430108098855902,-8.864177667440393E-4,-0.0026504655139953097,-0.0012744792399119026,-0.0011486509444280136,-0.0010572122063510418,-0.001454441681726267,-0.0010692731933266532],[-2.478301373566225,0.005063143893419616,-0.001524609326406251,-4.759683717097127E-4,0.0023155824195553736,-0.001984475112917301,-0.01258629190147705,-0.0015946190853870184,0.0017025930343372738,6.954976551901378E-4,7.09208747264753E-4,-4.440762178910629E-4,5.331603405972508E-5,8.704036556955155E-5,0.0011498960012394182,8.542223104761492E-4,-3.324666400297471E-4,-9.962203323764072E-6,-6.051980698171572E-4,-2.4324707097440196E-4,6.28539553695616E-4,1.5628151920603955E-4,-8.903556508298322E-5,-4.388521487022588E-4,6.706991909466693E-5,-8.504193986080805E-4,1.66579171996306E-4,-0.010320034435879984,-0.008663956345117596,-0.0030213255271167236,2.588501163741862E-4,0.009430108098855902,0.02682611821476845,0.0060685126019952695,-0.0015842311104563248,-5.300879360713396E-4,-0.0010878295850908612,6.310489352344855E-4,-2.2434278699486312E-4,-3.147766652124271E-4],[19.459224336602027,0.0014444960934848245,-0.0015360423069115195,2.4187548723419387E-4,1.9266471597221833E-4,9.161939822089905E-4,-0.0013573948766703106,-0.010072978269793517,-0.0013458305924012608,9.450067653128364E-4,1.2616302258990907E-5,1.0124766755567496E-4,4.082270976419947E-4,2.870763273701784E-4,7.056160789567165E-4,-0.0014154285726185871,-0.0012144582331252358,-8.663761909817612E-4,-7.922602019301725E-4,-7.461144894054586E-4,1.9913793923523706E-4,-5.277729782490326E-4,-8.402837846898399E-5,-2.067037875040467E-5,8.018734911856501E-4,2.2500150139842835E-4,8.468936772851926E-4,-0.0023998363952457613,-3.131160828173533E-5,-0.0011244072469653156,-0.0020192602109352356,-8.864177667440393E-4,0.0060685126019952695,0.022624377868394233,0.004995234649019221,-6.515762418006797E-4,2.3697497833149303E-4,-3.968219708863801E-4,4.965421863030531E-5,-7.013337650517681E-4],[-9.281888648627554,1.1157902622320638E-4,0.0019133920118022747,2.4790051649466475E-4,5.24160807439241E-4,0.0010149877069015282,0.0017832030493078101,-0.0014036336585072488,-0.010567925226848258,-0.0024142513117625685,7.477773090320564E-4,5.337690769734391E-4,2.1912913948843142E-4,3.5721059949776095E-4,-0.0027436889402577412,-0.0015296728200309658,-9.345014515552417E-4,-8.314711433763673E-4,-0.0011310307644202468,-1.91303262729361E-4,3.20258241762377E-4,-5.7277154316433615E-5,4.63550823433641E-5,0.0010762727759771268,5.400824865699881E-4,1.2438509129580763E-4,2.9470639631073786E-4,-0.0035156950881111227,-0.002947237421001181,-0.0015001830673353881,-0.0018146440789281024,-0.0026504655139953097,-0.0015842311104563248,0.004995234649019221,0.021662229536491835,0.005738665914211299,-2.56784400768333E-4,-2.1651201800157295E-4,-3.2282356963405794E-4,-5.900943818374074E-4],[-32.524266567499396,0.0014135199828817007,0.0025847540661708686,6.649322358527681E-4,7.244549110005518E-4,9.437521077518832E-4,2.5949563968675956E-4,8.404846299190426E-4,-0.002500914226407251,-0.01053950274905269,-0.0014968272973689715,0.0011255068575013725,-2.1727618886146778E-4,3.9063781712059384E-4,3.9609672813574503E-4,3.886505917371386E-4,-5.2802702283903E-5,-6.634254643698257E-4,-8.37510247981205E-5,5.212702992465129E-5,-7.193116810406837E-5,-1.1023294106697474E-4,-7.641137427227785E-5,-2.061457452796992E-5,-5.685690352553906E-4,-5.3505050844939136E-5,9.010164212680745E-4,-0.010897125620159018,-0.009160843956246398,-0.003679816004096007,-0.0012168073955281997,-0.0012744792399119026,-5.300879360713396E-4,-6.515762418006797E-4,0.005738665914211299,0.02250966076682016,0.004783920205249848,-5.581245467035342E-4,7.345682420097854E-4,-0.0010435200057847143],[0.9497551369092881,-8.757827939818195E-4,0.0036491740845722674,0.002553671930595514,9.427985589975586E-4,0.001258030152289243,9.415832401408022E-4,-2.511968590075092E-4,7.936097853321347E-4,-0.0015554986717357688,-0.0101928096885075,-0.0021948209423899253,8.886179514398522E-4,-8.780198495372953E-5,-0.001520659161285663,-0.0021357534450076945,-6.261853386176664E-4,-6.397825103352131E-4,-1.6390688238796967E-4,6.384863051105201E-4,3.172952574884472E-4,-0.0010137042953826938,9.030505650787839E-6,9.450856417806707E-5,9.449634882600028E-4,4.83296447302512E-4,4.566912559095823E-5,-0.009072718430633078,-0.009237985480623672,-0.005451540547532842,-0.0026253096526727975,-0.0011486509444280136,-0.0010878295850908612,2.3697497833149303E-4,-2.56784400768333E-4,0.004783920205249848,0.020850965276238816,0.005543119598608178,-4.8809005989302755E-4,7.189828916730617E-4],[-44.62702913345622,-1.1727142408392565E-4,0.006784001850870904,0.0035266992011946507,0.0015829216311397554,5.329437008044203E-4,-1.895328198937464E-4,-2.0312622458550084E-4,3.1395229732852E-4,7.431282294792955E-4,-0.0025287857178815532,-0.010308166290650986,-0.0017795983850035983,0.001145757137168388,-0.0024050634486546363,-0.0018975107605475096,-6.108032162590193E-4,8.651618830775326E-4,2.3584813758636261E-4,1.526627714448417E-4,-7.247440678748768E-4,-5.438953755334512E-4,6.411824054438625E-4,-8.362297658746287E-4,-8.560208624662483E-5,-1.0101945547176568E-4,3.913584063711726E-4,-0.004680232644021585,-0.006292411697127782,-0.005990861259642993,-0.003956611863499079,-0.0010572122063510418,6.310489352344855E-4,-3.968219708863801E-4,-2.1651201800157295E-4,-5.581245467035342E-4,0.005543119598608178,0.021075794866793642,0.004354438559717565,-0.001291664111329115],[-1.461064124413645,3.69337788754155E-4,2.3557410979227635E-4,0.0013311351342526901,0.0011693203304028645,6.479722406227581E-5,2.2743213718859817E-4,3.3080667225333525E-5,4.3770355449538944E-4,-4.4970648334097297E-5,8.100545125184151E-4,-0.0016712348283366067,-0.008189017326162364,-9.94166085140099E-4,3.091855851412474E-4,-0.0011999706161933711,-9.869216725259364E-4,-1.9246221656957164E-4,3.628434990111533E-5,9.276350743113793E-4,-1.61499489841251E-4,-1.60345250475673E-4,-6.839920158484465E-5,-5.173957100133637E-4,-5.573837140336645E-5,-8.798562732834237E-5,2.474299989475415E-4,-0.00456945321836796,-0.004434557061034834,-0.0030547995243334057,-0.002357374856757756,-0.001454441681726267,-2.2434278699486312E-4,4.965421863030531E-5,-3.2282356963405794E-4,7.345682420097854E-4,-4.8809005989302755E-4,0.004354438559717565,0.017291361352096635,0.0034145676049112212],[-26.660289967984074,0.0017592577833379966,0.005760115451144573,0.0011764775283539604,5.685471828355317E-4,7.61261341841022E-4,-9.696825848284605E-5,-4.0735930865857204E-5,5.068260624564192E-4,3.7257166013881745E-4,-2.127839693320864E-4,9.764315353104326E-4,-0.0012010760310041243,-0.008949392201739436,-0.0011765164498523108,-4.7717498361408837E-4,4.4138661678213913E-4,-7.357815977213424E-4,1.1667936262670589E-6,-4.511440364326737E-5,-8.677774287290957E-4,-2.9087354471662985E-4,-7.548359202252597E-4,1.3876986337585269E-5,-3.0387012968469433E-4,-2.2035031873312408E-4,-6.82398872859417E-5,-0.006926970764441133,-0.007348469959170239,-0.003144239011734639,-5.390304072846564E-4,-0.0010692731933266532,-3.147766652124271E-4,-7.013337650517681E-4,-5.900943818374074E-4,-0.0010435200057847143,7.189828916730617E-4,-0.001291664111329115,0.0034145676049112212,0.01892309322992876]]}}
