phonemeScorers.SingleGaussianPhonemeScorer{ś:-1.6101602:{mean:[13852.761088151161,2.3713229937909808,-2.0266444600929874,-0.3158490822833238,0.5386797278900358,-0.06136195919896265,-0.16799418054257206,0.09481457374063024,-0.08056314070230658,0.10968828275626322,0.005875257581371464,-0.007961491044214149,0.011475007767459529,0.017610261060239923,-0.010441186990549172,-0.015904047263991195,0.010048230950397821,0.007350812212936814,-0.005838778317423804,-0.0021846780869913367,-0.001561089689787848,0.0013471998724947616,-0.0018718950109326332,-0.002186304858711177,0.0011101068793954176,0.0017849487824290263,0.0013952418082264742,-0.023526442935777915,0.024842944694879805,0.0011498331156957798,-0.0034407807853739556,9.12889613528528E-4,0.0012868964791243984,-0.002132066815061896,0.0013764106617823475,-0.002058567064735211,-0.0017790947642869171,4.469165689173394E-4,-2.547801362070515E-4,4.7989147154911077E-4],covariances:[[9.749493789893875E7,7065.656064840065,-4985.761598695228,-238.71212384152165,65.09809405058806,-982.6448930703634,-159.74761112813243,346.4010559211746,-73.81637889255173,147.28772692798114,243.0343642344413,99.08516192434978,156.39420551162215,214.71816759681502,-33.66914630895213,36.45285101455977,-158.31336275713485,-171.3886316441185,-140.3602968032589,-39.79724487989475,-40.31813265488923,-36.40014837978365,-2.3699870076787604,23.84969328788145,16.050131557827648,7.416790523781628,8.353391833636051,-120.98839069461418,234.08695340550483,60.743959086358046,-47.12312094021885,71.92402847562578,-3.516326275448985,-11.95557514741262,1.6028925506212885,-15.80684085790015,-1.924583684022128,-32.60353831003581,-7.6283262450493865,-12.740042866081751],[7065.656064840065,1.1823444184014835,-0.09020425031573748,-0.040785054250144046,-0.023952078549033577,-0.02681428067845456,-0.01922238008513374,0.00882153825253523,-0.013758944085266405,-0.01049497575882211,-0.011331504695383895,-0.014339816079470439,-0.008311847478252324,-0.006322837303485403,0.016887687334555212,-0.018950721589370046,-0.013784033882666732,-0.006255115151492411,-0.008340118116087121,-0.0051765964629304564,-0.001894241988712631,-0.001263008916718494,-5.145787096651243E-4,-2.310721287866454E-4,0.0022217933822653033,0.0018077588443328506,5.451362120415734E-4,-0.04906762246435398,-0.0021312402409133266,0.006101382386676287,0.002973729356792212,0.0014167908407745641,0.002314127819985728,5.661864725761964E-4,-8.032314066098441E-4,0.0015498504551013663,0.0015668573804463236,1.200199890458909E-4,0.0010923399166309592,5.678838920103218E-4],[-4985.761598695228,-0.09020425031573748,0.7716520694248248,0.10283541580601499,0.009339614926679151,0.08409061238994386,0.03840970548112727,-0.04692205743967244,-0.0010495532665436842,-0.039379038495458055,-0.05742208844804639,-0.03510849115819899,-0.03186464440599521,-0.03636053893308285,0.025109309588013023,6.541788630133917E-4,0.014407627277629237,0.018161237954881816,0.016313939735073626,8.780194419346889E-4,0.0015563782272469174,0.00409827898863515,-6.67679591847328E-5,-0.006004306178802298,-0.0023293385805983544,-8.571096231875316E-4,-0.0024765674969489246,-0.0038308574294610154,-0.03964139646635902,-0.01247747454358629,-0.0038281402463643055,-0.005281931483031441,-0.002554966053719706,4.0447936931436545E-4,0.0035803149265068142,0.001271413308751638,0.0037356632731666514,0.006018283006699171,0.002679318732370252,0.004171681550347249],[-238.71212384152165,-0.040785054250144046,0.10283541580601499,0.12095999606784517,0.04286158847745862,-0.00857842070843697,0.015337186157090075,-0.006091280956279111,0.007937812695058498,-0.0042884942916388,-0.014318128487267646,-0.014788212404959191,-0.007965868108629634,-0.004927345840450159,0.0037788386017741115,0.006526305582536,0.001953839154865647,4.0401664129753183E-4,0.0025287938290441568,9.951650200014444E-4,-7.499940824333064E-4,-6.96115984893986E-4,3.9741187856267134E-5,-0.0013442088419503833,-7.025982827322126E-4,-8.10893733979501E-4,-3.7277681567295605E-4,0.006669229832066972,-0.009085387354518023,-0.019144359992027512,-0.0054120379446727495,-3.306074312847543E-4,-8.193896763073554E-4,2.4550750938425993E-4,9.726192400171855E-4,0.0012224344742844584,0.0018498337160713018,0.0022956695195047163,0.0017089912581743948,0.0013124713758685578],[65.09809405058806,-0.023952078549033577,0.009339614926679151,0.04286158847745862,0.0890370519089331,0.011951473262375167,-0.004693097477451993,0.0030152035219956144,0.005416398021160822,-0.0010268227686834656,-0.003994581429389469,-0.007859947188221614,-0.00904447513981409,-0.002649835212376061,0.008154920041163331,-0.003941571846101276,-9.247370725421039E-4,-0.0021274276041545427,-0.001949298647006163,8.164135310484632E-4,-2.3654485910821495E-4,-5.879918118828546E-4,0.001093911094314895,-9.976668106519215E-5,-3.6038880252096337E-4,1.5725117671984898E-4,1.7850802659763075E-4,0.004404142089794377,0.0012641434472245954,-0.005005521886664972,-0.016314235850092187,-0.0032823245305033466,0.0011610355223472548,-2.4920524214493874E-5,5.708571113026401E-4,9.147406492487044E-4,0.0013026466442521655,9.225080578257164E-4,0.0011132791847558673,6.200154475127276E-4],[-982.6448930703634,-0.02681428067845456,0.08409061238994386,-0.00857842070843697,0.011951473262375167,0.08661236715673451,0.010001233335161352,-0.0018610546796708999,-0.00839975098769941,-0.003565213136925426,-0.006148877584556651,-6.755745868432123E-4,-0.0037778285871826545,-0.009227856167341291,0.01127656281039667,-0.02277925058684758,-0.001352199454888731,0.0035153966366696836,-0.002070052698771606,-0.00190381403817549,0.0016799291128412087,0.0013809040294532856,4.270814250841158E-4,0.0011417144262581452,0.0012430788790752084,6.380576285695948E-4,9.86948977545435E-4,-2.218497151847028E-4,-0.0011538334101539166,1.2732742003220473E-4,-0.004588714073726357,-0.013893522874394921,-0.0018394304841758285,0.001720856217423892,8.202048516855556E-4,4.7060449705911935E-4,8.318563436661572E-4,0.0011770047048041685,6.649937202501732E-4,7.562759101706878E-4],[-159.74761112813243,-0.01922238008513374,0.03840970548112727,0.015337186157090075,-0.004693097477451993,0.010001233335161352,0.03680702309797519,0.0026345023039034145,-0.0031045032235339,-0.003375118793180496,-0.0026933790085433085,-7.453365350848888E-4,3.5633325593741435E-4,-0.0023606204120087326,0.002758545945502881,-0.005735213510103414,1.4263743575828428E-5,7.355525096720456E-4,1.4523350998412569E-4,-4.076752519962689E-4,7.214020648636371E-4,7.199218049393642E-4,4.647467209684935E-6,1.2569912978566887E-4,6.718967681386524E-5,-2.567061691450904E-4,1.8687045332762487E-4,5.625972911025946E-4,-7.302536657235122E-4,1.8675553735824673E-5,0.0013193384552848868,-0.0023331890166061408,-0.011402113236572182,-0.0013544208996929456,0.0018804683529250403,4.4970137285740814E-4,3.7125186000022464E-4,1.7363562930953748E-4,2.4073816409595213E-4,3.684594227984453E-4],[346.4010559211746,0.00882153825253523,-0.04692205743967244,-0.006091280956279111,0.0030152035219956144,-0.0018610546796708999,0.0026345023039034145,0.030025504397167183,0.0018912409726119753,-5.949536509725048E-4,0.004072477276226205,0.00252843290059495,0.002021588093274321,0.002221193182426674,0.001844434785677062,-0.008912838069749483,-0.0016000486157135092,-0.0010715617823672387,-0.0023782177673045525,-6.299247713905945E-4,5.43615885433622E-4,-2.646460480759711E-4,4.952616276392833E-4,0.0012701017657357396,1.0413888544041588E-4,-9.954959984061966E-6,6.784798386753357E-4,0.0011587832591688054,0.001810003609827397,0.0010312572905176623,0.0010688284485574765,0.0017911851094570335,-0.0013482545905328521,-0.010374136013812967,-0.0016579149035498549,0.0013895782181303727,-5.290325699923002E-5,-2.3262770406201513E-4,2.0607042475034084E-5,1.2826491960907298E-5],[-73.81637889255173,-0.013758944085266405,-0.0010495532665436842,0.007937812695058498,0.005416398021160822,-0.00839975098769941,-0.0031045032235339,0.0018912409726119753,0.024001225813137062,0.00395402901455848,-0.0035693636071403986,-0.0016394114442911721,-0.0010738921944365965,3.855772306940329E-5,0.0016976496911347526,-0.0014809482229859797,1.0574247490824908E-4,-4.5913300392938435E-4,3.6381040182302074E-6,-1.6391266354376198E-4,2.3183791067115365E-4,-3.298654655197871E-4,9.10302611553582E-5,1.8238369764378342E-4,9.703900221744781E-5,-9.34443469492163E-5,6.0714128121609406E-5,0.0012174167970394932,9.668612953480252E-4,3.683058771552043E-4,4.873180043873794E-4,0.0011487741661495067,0.001717206003615097,-0.0015977677850922724,-0.01029194339489876,-0.0015867417494935443,0.0010443959953069825,2.3986211142025586E-4,2.4638481803464354E-4,2.4273786315097556E-4],[147.28772692798114,-0.01049497575882211,-0.039379038495458055,-0.0042884942916388,-0.0010268227686834656,-0.003565213136925426,-0.003375118793180496,-5.949536509725048E-4,0.00395402901455848,0.0229166303833164,0.005637572840542012,-0.001431268873658951,-1.6370345115681047E-4,0.001536971605828314,0.0032694288090326963,-0.0069803844283721,-0.0015934053996612542,-9.848296196170885E-4,-0.0012920798715664956,-3.842461318883533E-4,2.29058651469145E-4,-5.5191992492108505E-5,2.2708385788104877E-4,6.167497860487557E-4,7.308223043433681E-4,4.4401575302840945E-4,4.176893478273932E-4,0.001041350324712513,0.0034597075272902534,0.0014948353693551356,7.911951654346317E-4,0.0010441866392966446,9.32525589134247E-4,0.0014447235629053798,-0.0018423934820012442,-0.010790946337142539,-0.0018415223726005433,0.0010205232162322996,7.138263831819351E-5,9.068055517429771E-5],[243.0343642344413,-0.011331504695383895,-0.05742208844804639,-0.014318128487267646,-0.003994581429389469,-0.006148877584556651,-0.0026933790085433085,0.004072477276226205,-0.0035693636071403986,0.005637572840542012,0.022300006860344845,0.006054000716230429,0.0010048006164755589,0.0015033998829452509,-0.0012327978995079964,2.474130391859892E-4,-4.1951266728862505E-4,-5.543820943808938E-4,-0.0010561856975874883,-7.664580982956495E-6,-9.11143596658574E-5,-4.1307535603768013E-4,-7.375399848496326E-5,4.46480658976271E-4,-1.800808746376221E-4,4.820038518817657E-5,1.2995006266437148E-4,0.0019067371955207814,0.0039869582462647955,0.002351116397197392,0.0018867586146267819,0.0010795763998889757,5.812958976699807E-4,1.1925207579145223E-4,7.032909029864111E-4,-0.0016919580685084675,-0.00995582440553427,-0.0017942454570054366,0.001250152824843921,-4.04372120829722E-5],[99.08516192434978,-0.014339816079470439,-0.03510849115819899,-0.014788212404959191,-0.007859947188221614,-6.755745868432123E-4,-7.453365350848888E-4,0.00252843290059495,-0.0016394114442911721,-0.001431268873658951,0.006054000716230429,0.01880738742540342,0.005141290517960934,-7.89646047069277E-4,-0.003823836816915382,0.0027266852985928965,-5.4066561683338675E-5,-6.307487609199454E-4,-9.126038781326559E-4,3.301650325626636E-4,3.1925760062792916E-4,-1.373195681174606E-4,-4.0445527845591644E-4,4.4739883281971884E-4,-5.74041714025161E-5,-9.614727641982511E-5,6.847265269078144E-5,6.903060623826396E-4,0.002873284421498823,0.0022025262349168553,0.0014245009733513973,0.0011339008369132854,1.373804243778844E-4,9.712666238967451E-5,2.041411681770539E-4,0.0012707742187613572,-0.0016466256916922743,-0.009851491719122875,-0.0014649019857495558,0.0011051463523631252],[156.39420551162215,-0.008311847478252324,-0.03186464440599521,-0.007965868108629634,-0.00904447513981409,-0.0037778285871826545,3.5633325593741435E-4,0.002021588093274321,-0.0010738921944365965,-1.6370345115681047E-4,0.0010048006164755589,0.005141290517960934,0.016640493276169677,0.003745644077259147,-0.004586209680890897,0.001880202009334274,2.264897606987068E-4,-6.981403100085517E-4,-1.954165061879946E-4,5.176558574494442E-4,5.944372564884178E-4,4.021151052693088E-5,-2.3304926428287926E-4,1.2523356651951087E-4,1.809474219380836E-5,-1.246801221011633E-4,-1.0573462663543404E-4,0.001184058461927866,0.002216003021063298,0.0016216211752993655,0.0015088869757540228,9.37935497234578E-4,2.879939529490608E-4,2.070300755292863E-4,1.309293289205946E-4,2.876274152472159E-4,0.0012739545919971179,-0.0016597025501886862,-0.0090280203156309,-0.0010453858057911498],[214.71816759681502,-0.006322837303485403,-0.03636053893308285,-0.004927345840450159,-0.002649835212376061,-0.009227856167341291,-0.0023606204120087326,0.002221193182426674,3.855772306940329E-5,0.001536971605828314,0.0015033998829452509,-7.89646047069277E-4,0.003745644077259147,0.015602682709718122,-0.003541240683762668,0.0035811861541129564,2.3480756725750338E-4,-5.372150866568316E-4,-5.453204678658624E-5,4.903522854793553E-5,-3.784867079892146E-4,-2.0017127195175543E-4,-3.6462635993911297E-4,1.4019633313223017E-4,-1.0734206403353765E-5,2.9718621055974283E-5,-1.8273226761289195E-5,0.0018503061015595445,0.0017185606932189124,0.001181523662019484,7.50862347799222E-4,7.134556239661722E-4,4.860694334268699E-4,2.5527863999000555E-4,6.089805424059879E-5,2.2624408343111308E-4,1.3109862948013605E-4,0.0011249729886101917,-0.0010047080971148955,-0.008581351094860266],[-33.66914630895213,0.016887687334555212,0.025109309588013023,0.0037788386017741115,0.008154920041163331,0.01127656281039667,0.002758545945502881,0.001844434785677062,0.0016976496911347526,0.0032694288090326963,-0.0012327978995079964,-0.003823836816915382,-0.004586209680890897,-0.003541240683762668,0.22422778668341714,0.018100323275920854,-0.0025209612290414485,-0.015119551669023937,-0.020402273776665546,-0.012429850456693129,-2.1844622723058354E-4,-0.002761613349007816,-0.0051103906151445545,-0.004998446939671903,-0.0010303882488943584,-0.0025652846512854333,-0.0033222305433682994,0.0035958923505254457,-0.0018411560206299579,-0.0016203001619420057,-0.0010805428567363952,-5.97951249835194E-4,3.8759332728133066E-4,-3.2361883033991604E-4,-0.0015267703896540733,-0.0015146997397136287,-0.0010970728565582574,-3.385590517272177E-4,-6.513940615887566E-4,-5.540041027684478E-4],[36.45285101455977,-0.018950721589370046,6.541788630133917E-4,0.006526305582536,-0.003941571846101276,-0.02277925058684758,-0.005735213510103414,-0.008912838069749483,-0.0014809482229859797,-0.0069803844283721,2.474130391859892E-4,0.0027266852985928965,0.001880202009334274,0.0035811861541129564,0.018100323275920854,0.19302888465991952,0.03729456902352143,-0.011141065849621361,0.0012478641776247066,0.0018742158734498732,-0.009639828495039714,-0.003528893678622304,-0.01229593741341569,-0.015006379737517598,-0.010112119645398779,-0.007843189365047938,-0.0067206603654496174,0.003017062268590524,-7.661675331886158E-4,9.61431024615915E-5,-3.7061178219382676E-4,6.580981826084241E-4,-0.0012061110895855995,-0.001584022054199527,2.599753887155956E-4,-4.77009540981101E-4,-0.0014202389648142728,-6.977186708210573E-4,-1.6045629588023805E-4,-3.8050223035596516E-4],[-158.31336275713485,-0.013784033882666732,0.014407627277629237,0.001953839154865647,-9.247370725421039E-4,-0.001352199454888731,1.4263743575828428E-5,-0.0016000486157135092,1.0574247490824908E-4,-0.0015934053996612542,-4.1951266728862505E-4,-5.4066561683338675E-5,2.264897606987068E-4,2.3480756725750338E-4,-0.0025209612290414485,0.03729456902352143,0.03924080620061156,0.010120197438803621,2.033290268716696E-4,-6.86476573079663E-4,-0.002700969017557526,-0.0010970171762950526,-0.00351392509970575,-0.005059547642324666,-0.004751497830173573,-0.003459510735247475,-0.0025554399825677074,7.48697565086318E-4,-1.4213734020486604E-4,4.345394297548554E-5,9.209252679697384E-6,-1.4160668428375313E-4,-4.248703835307991E-4,-8.263154474842929E-4,-4.019785058911592E-4,-3.99707325891942E-4,-5.138392006279417E-4,1.195600535567091E-5,-2.847885593298492E-4,2.2794906452319166E-4],[-171.3886316441185,-0.006255115151492411,0.018161237954881816,4.0401664129753183E-4,-0.0021274276041545427,0.0035153966366696836,7.355525096720456E-4,-0.0010715617823672387,-4.5913300392938435E-4,-9.848296196170885E-4,-5.543820943808938E-4,-6.307487609199454E-4,-6.981403100085517E-4,-5.372150866568316E-4,-0.015119551669023937,-0.011141065849621361,0.010120197438803621,0.034217527634186055,0.011963781995978482,-0.0014066561385537516,-0.0016630796572079762,-4.8284540017850305E-4,-5.449350302274512E-4,-0.0021811468735693108,-0.002384973243158902,-0.002675361339918116,-0.0010927664716030739,0.0011443872471558147,0.0011539290209325501,1.1454479790415047E-4,-3.6377536758996646E-5,-6.743444397869656E-4,-4.9429245503709935E-5,-1.7656661800122313E-4,-2.6551890365644385E-4,-3.815824263149532E-4,-6.803336236456951E-4,8.739169929352427E-5,-1.4797774571138837E-4,-3.363557247841129E-4],[-140.3602968032589,-0.008340118116087121,0.016313939735073626,0.0025287938290441568,-0.001949298647006163,-0.002070052698771606,1.4523350998412569E-4,-0.0023782177673045525,3.6381040182302074E-6,-0.0012920798715664956,-0.0010561856975874883,-9.126038781326559E-4,-1.954165061879946E-4,-5.453204678658624E-5,-0.020402273776665546,0.0012478641776247066,2.033290268716696E-4,0.011963781995978482,0.029010298014874154,0.006812469883705256,-0.0030312858251033033,-0.0017672115536531744,-0.0015273570507096535,-0.0016909763556871558,-0.0017807859061381604,-0.001732621795626753,-0.001398050508679549,3.453825216198325E-4,3.0713445868350874E-4,2.1474207710259669E-4,5.534068360369701E-4,-8.71908694835038E-5,-3.6808270958839487E-4,-3.1979446898844984E-4,-1.7736754958861583E-4,1.189148395830695E-4,-3.617652218184455E-5,-2.464453539159212E-4,-1.3252801724280772E-4,-1.17000726096422E-5],[-39.79724487989475,-0.0051765964629304564,8.780194419346889E-4,9.951650200014444E-4,8.164135310484632E-4,-0.00190381403817549,-4.076752519962689E-4,-6.299247713905945E-4,-1.6391266354376198E-4,-3.842461318883533E-4,-7.664580982956495E-6,3.301650325626636E-4,5.176558574494442E-4,4.903522854793553E-5,-0.012429850456693129,0.0018742158734498732,-6.86476573079663E-4,-0.0014066561385537516,0.006812469883705256,0.02229270584483057,0.0038778213034630755,-0.003031809993524439,-0.0017108637303379533,-9.423498729739348E-4,1.522182833741671E-4,-5.238506250355112E-5,-6.538064320636377E-4,-5.916185058213189E-4,7.01417709117455E-4,5.764893752066825E-4,2.181485080012281E-4,3.291767353260324E-4,-8.766936017388959E-5,-8.17230782505548E-5,1.7852824361015723E-4,-4.172867401689176E-5,-2.113295714656637E-4,-4.1651864235546835E-4,-3.5548862180596603E-4,1.2445701828511378E-4],[-40.31813265488923,-0.001894241988712631,0.0015563782272469174,-7.499940824333064E-4,-2.3654485910821495E-4,0.0016799291128412087,7.214020648636371E-4,5.43615885433622E-4,2.3183791067115365E-4,2.29058651469145E-4,-9.11143596658574E-5,3.1925760062792916E-4,5.944372564884178E-4,-3.784867079892146E-4,-2.1844622723058354E-4,-0.009639828495039714,-0.002700969017557526,-0.0016630796572079762,-0.0030312858251033033,0.0038778213034630755,0.019860735838334177,0.0035531952487258215,-0.0017427161014345245,2.954591051792865E-4,4.20218476932887E-4,4.8618092930225094E-4,4.2605167229547895E-6,-1.5126039206132024E-4,0.0012389359597014967,8.448753705834186E-4,1.9320059559092264E-4,3.9824539755242E-4,2.176139238356809E-4,6.524391551513478E-5,-2.176939762674527E-4,-1.4158562624182137E-4,5.516598872765527E-5,-2.9612597958374333E-4,-5.075729295399372E-4,2.121450294512156E-5],[-36.40014837978365,-0.001263008916718494,0.00409827898863515,-6.96115984893986E-4,-5.879918118828546E-4,0.0013809040294532856,7.199218049393642E-4,-2.646460480759711E-4,-3.298654655197871E-4,-5.5191992492108505E-5,-4.1307535603768013E-4,-1.373195681174606E-4,4.021151052693088E-5,-2.0017127195175543E-4,-0.002761613349007816,-0.003528893678622304,-0.0010970171762950526,-4.8284540017850305E-4,-0.0017672115536531744,-0.003031809993524439,0.0035531952487258215,0.018893419270285042,0.004094727850891788,-0.0012491127793625987,-6.966946739920712E-4,-5.135962547518738E-4,-6.187588305843708E-5,0.0012334734490379948,3.5101605545416177E-4,4.561729502146422E-4,1.7016395777930295E-4,2.01156912606919E-4,-1.6174318172771423E-4,5.2303288718839356E-6,4.1121222636410245E-5,-1.6052515745218805E-5,1.739988841423693E-4,1.3948261188508507E-5,-2.957165207361085E-4,5.144900801503384E-7],[-2.3699870076787604,-5.145787096651243E-4,-6.67679591847328E-5,3.9741187856267134E-5,0.001093911094314895,4.270814250841158E-4,4.647467209684935E-6,4.952616276392833E-4,9.10302611553582E-5,2.2708385788104877E-4,-7.375399848496326E-5,-4.0445527845591644E-4,-2.3304926428287926E-4,-3.6462635993911297E-4,-0.0051103906151445545,-0.01229593741341569,-0.00351392509970575,-5.449350302274512E-4,-0.0015273570507096535,-0.0017108637303379533,-0.0017427161014345245,0.004094727850891788,0.019747273050349314,0.0045843702242277275,-0.0013993921436722659,-4.2984212585048693E-4,-1.0222307053015881E-4,9.520476690939555E-4,7.252864227665905E-4,4.5847122680285987E-4,2.886717739941911E-4,-2.785126794202198E-4,1.2690442569201997E-4,1.0511759617055662E-4,-8.668837333443954E-5,4.9057939629943316E-6,1.8641222149761027E-4,3.7526594248872325E-5,-1.514136882666434E-4,-5.1369310898097E-6],[23.84969328788145,-2.310721287866454E-4,-0.006004306178802298,-0.0013442088419503833,-9.976668106519215E-5,0.0011417144262581452,1.2569912978566887E-4,0.0012701017657357396,1.8238369764378342E-4,6.167497860487557E-4,4.46480658976271E-4,4.4739883281971884E-4,1.2523356651951087E-4,1.4019633313223017E-4,-0.004998446939671903,-0.015006379737517598,-0.005059547642324666,-0.0021811468735693108,-0.0016909763556871558,-9.423498729739348E-4,2.954591051792865E-4,-0.0012491127793625987,0.0045843702242277275,0.018342350539032014,0.00420106005716162,-0.0013133655727198138,-8.427231526248343E-5,6.079440687091287E-4,9.778513625413002E-4,6.281168072410812E-4,7.273149961755152E-4,-7.269322114205067E-5,2.5593356884071516E-4,6.046650311236757E-5,-3.1701159373031287E-4,-1.7166228345662435E-4,1.7835085139989413E-5,-4.2542028290524597E-4,-3.5024295466196806E-5,-1.3957724262426678E-4],[16.050131557827648,0.0022217933822653033,-0.0023293385805983544,-7.025982827322126E-4,-3.6038880252096337E-4,0.0012430788790752084,6.718967681386524E-5,1.0413888544041588E-4,9.703900221744781E-5,7.308223043433681E-4,-1.800808746376221E-4,-5.74041714025161E-5,1.809474219380836E-5,-1.0734206403353765E-5,-0.0010303882488943584,-0.010112119645398779,-0.004751497830173573,-0.002384973243158902,-0.0017807859061381604,1.522182833741671E-4,4.20218476932887E-4,-6.966946739920712E-4,-0.0013993921436722659,0.00420106005716162,0.017423442435205074,0.0037093089418853403,-0.0016533202577414293,2.696958664966813E-4,6.166389492818156E-4,-2.8555892947435446E-5,-6.89730051045117E-5,3.158246247808639E-4,4.460232283393271E-4,3.6461048419793676E-4,3.106235064003358E-5,-1.8042192739655505E-5,3.803059841570943E-4,-4.180317539045546E-5,9.090333630761263E-6,-9.051992232386478E-5],[7.416790523781628,0.0018077588443328506,-8.571096231875316E-4,-8.10893733979501E-4,1.5725117671984898E-4,6.380576285695948E-4,-2.567061691450904E-4,-9.954959984061966E-6,-9.34443469492163E-5,4.4401575302840945E-4,4.820038518817657E-5,-9.614727641982511E-5,-1.246801221011633E-4,2.9718621055974283E-5,-0.0025652846512854333,-0.007843189365047938,-0.003459510735247475,-0.002675361339918116,-0.001732621795626753,-5.238506250355112E-5,4.8618092930225094E-4,-5.135962547518738E-4,-4.2984212585048693E-4,-0.0013133655727198138,0.0037093089418853403,0.016037150089002916,0.0025202693642081136,2.784787487411456E-4,3.552374973147145E-4,3.160172711254017E-4,1.9328202005297864E-4,1.2761923996988247E-4,4.1760551089990754E-4,5.63080082670101E-4,3.0722198016940223E-4,2.35716402561745E-4,8.393306415417137E-5,-8.406465856033322E-5,-4.29187844899775E-5,6.657636384950984E-6],[8.353391833636051,5.451362120415734E-4,-0.0024765674969489246,-3.7277681567295605E-4,1.7850802659763075E-4,9.86948977545435E-4,1.8687045332762487E-4,6.784798386753357E-4,6.0714128121609406E-5,4.176893478273932E-4,1.2995006266437148E-4,6.847265269078144E-5,-1.0573462663543404E-4,-1.8273226761289195E-5,-0.0033222305433682994,-0.0067206603654496174,-0.0025554399825677074,-0.0010927664716030739,-0.001398050508679549,-6.538064320636377E-4,4.2605167229547895E-6,-6.187588305843708E-5,-1.0222307053015881E-4,-8.427231526248343E-5,-0.0016533202577414293,0.0025202693642081136,0.01502931221551253,1.379885355164485E-4,2.3961375018341396E-4,-1.2883508340794775E-4,2.6519931633311745E-4,-3.990968012814316E-5,-8.807647513685677E-5,4.612303679198534E-6,2.5775865927248186E-5,5.735793937150765E-5,2.0590201433868266E-4,1.1809939466131816E-4,7.645663008500247E-5,-5.83959528036325E-5],[-120.98839069461418,-0.04906762246435398,-0.0038308574294610154,0.006669229832066972,0.004404142089794377,-2.218497151847028E-4,5.625972911025946E-4,0.0011587832591688054,0.0012174167970394932,0.001041350324712513,0.0019067371955207814,6.903060623826396E-4,0.001184058461927866,0.0018503061015595445,0.0035958923505254457,0.003017062268590524,7.48697565086318E-4,0.0011443872471558147,3.453825216198325E-4,-5.916185058213189E-4,-1.5126039206132024E-4,0.0012334734490379948,9.520476690939555E-4,6.079440687091287E-4,2.696958664966813E-4,2.784787487411456E-4,1.379885355164485E-4,0.21101039867792643,0.11565256564647214,0.025003498055951673,-0.02684844343623018,-0.027313829192074254,-0.010848400680208826,-0.0034744581687079132,-0.005554961769388647,-0.011294805021026847,-0.010016509970821593,-0.004033393836062356,-0.004521883089729644,-0.005800907756181157],[234.08695340550483,-0.0021312402409133266,-0.03964139646635902,-0.009085387354518023,0.0012641434472245954,-0.0011538334101539166,-7.302536657235122E-4,0.001810003609827397,9.668612953480252E-4,0.0034597075272902534,0.0039869582462647955,0.002873284421498823,0.002216003021063298,0.0017185606932189124,-0.0018411560206299579,-7.661675331886158E-4,-1.4213734020486604E-4,0.0011539290209325501,3.0713445868350874E-4,7.01417709117455E-4,0.0012389359597014967,3.5101605545416177E-4,7.252864227665905E-4,9.778513625413002E-4,6.166389492818156E-4,3.552374973147145E-4,2.3961375018341396E-4,0.11565256564647214,0.11954132868391969,0.03473193814785544,-0.018226561246171454,-0.01855197174531022,-0.008168079078873286,-0.0028212516237821265,-0.005148022733870432,-0.010339126468933202,-0.009626119160119337,-0.005567920782925093,-0.004538719790786554,-0.0047805995021342525],[60.743959086358046,0.006101382386676287,-0.01247747454358629,-0.019144359992027512,-0.005005521886664972,1.2732742003220473E-4,1.8675553735824673E-5,0.0010312572905176623,3.683058771552043E-4,0.0014948353693551356,0.002351116397197392,0.0022025262349168553,0.0016216211752993655,0.001181523662019484,-0.0016203001619420057,9.61431024615915E-5,4.345394297548554E-5,1.1454479790415047E-4,2.1474207710259669E-4,5.764893752066825E-4,8.448753705834186E-4,4.561729502146422E-4,4.5847122680285987E-4,6.281168072410812E-4,-2.8555892947435446E-5,3.160172711254017E-4,-1.2883508340794775E-4,0.025003498055951673,0.03473193814785544,0.040780903477959894,0.008061489896215643,-0.0037482542574199685,-0.002940237198191471,-0.0023380648706602426,-0.002706819751915329,-0.004291812825244169,-0.004741312521398642,-0.004333265946900541,-0.003435192168562152,-0.002922843297383549],[-47.12312094021885,0.002973729356792212,-0.0038281402463643055,-0.0054120379446727495,-0.016314235850092187,-0.004588714073726357,0.0013193384552848868,0.0010688284485574765,4.873180043873794E-4,7.911951654346317E-4,0.0018867586146267819,0.0014245009733513973,0.0015088869757540228,7.50862347799222E-4,-0.0010805428567363952,-3.7061178219382676E-4,9.209252679697384E-6,-3.6377536758996646E-5,5.534068360369701E-4,2.181485080012281E-4,1.9320059559092264E-4,1.7016395777930295E-4,2.886717739941911E-4,7.273149961755152E-4,-6.89730051045117E-5,1.9328202005297864E-4,2.6519931633311745E-4,-0.02684844343623018,-0.018226561246171454,0.008061489896215643,0.03770550592361488,0.01447239262538063,4.270988078009997E-4,-0.0019934442438599566,-0.0012647280409351514,-2.3628727256892707E-4,-0.0017761643227101364,-0.002494588840860435,-0.0025166695922981337,-8.411067190081152E-4],[71.92402847562578,0.0014167908407745641,-0.005281931483031441,-3.306074312847543E-4,-0.0032823245305033466,-0.013893522874394921,-0.0023331890166061408,0.0017911851094570335,0.0011487741661495067,0.0010441866392966446,0.0010795763998889757,0.0011339008369132854,9.37935497234578E-4,7.134556239661722E-4,-5.97951249835194E-4,6.580981826084241E-4,-1.4160668428375313E-4,-6.743444397869656E-4,-8.71908694835038E-5,3.291767353260324E-4,3.9824539755242E-4,2.01156912606919E-4,-2.785126794202198E-4,-7.269322114205067E-5,3.158246247808639E-4,1.2761923996988247E-4,-3.990968012814316E-5,-0.027313829192074254,-0.01855197174531022,-0.0037482542574199685,0.01447239262538063,0.03220347629752553,0.008308053471589904,-0.00164437871077499,-0.0011882218908054742,-6.544137765526331E-4,-6.696312999287664E-4,-0.0016545335140209067,-0.001504063102411867,-9.898866054679325E-4],[-3.516326275448985,0.002314127819985728,-0.002554966053719706,-8.193896763073554E-4,0.0011610355223472548,-0.0018394304841758285,-0.011402113236572182,-0.0013482545905328521,0.001717206003615097,9.32525589134247E-4,5.812958976699807E-4,1.373804243778844E-4,2.879939529490608E-4,4.860694334268699E-4,3.8759332728133066E-4,-0.0012061110895855995,-4.248703835307991E-4,-4.9429245503709935E-5,-3.6808270958839487E-4,-8.766936017388959E-5,2.176139238356809E-4,-1.6174318172771423E-4,1.2690442569201997E-4,2.5593356884071516E-4,4.460232283393271E-4,4.1760551089990754E-4,-8.807647513685677E-5,-0.010848400680208826,-0.008168079078873286,-0.002940237198191471,4.270988078009997E-4,0.008308053471589904,0.024921872907257735,0.0050023692536300185,-0.001928008167988372,-8.609790102319325E-4,-7.160525040745898E-4,3.0072224871645944E-4,9.756436461804663E-5,-9.170496119913498E-4],[-11.95557514741262,5.661864725761964E-4,4.0447936931436545E-4,2.4550750938425993E-4,-2.4920524214493874E-5,0.001720856217423892,-0.0013544208996929456,-0.010374136013812967,-0.0015977677850922724,0.0014447235629053798,1.1925207579145223E-4,9.712666238967451E-5,2.070300755292863E-4,2.5527863999000555E-4,-3.2361883033991604E-4,-0.001584022054199527,-8.263154474842929E-4,-1.7656661800122313E-4,-3.1979446898844984E-4,-8.17230782505548E-5,6.524391551513478E-5,5.2303288718839356E-6,1.0511759617055662E-4,6.046650311236757E-5,3.6461048419793676E-4,5.63080082670101E-4,4.612303679198534E-6,-0.0034744581687079132,-0.0028212516237821265,-0.0023380648706602426,-0.0019934442438599566,-0.00164437871077499,0.0050023692536300185,0.022320766524192605,0.004712120094690429,-0.0013311970665536676,2.9781871641310515E-4,7.927836824136487E-5,6.923924778325845E-5,-5.124351918017097E-4],[1.6028925506212885,-8.032314066098441E-4,0.0035803149265068142,9.726192400171855E-4,5.708571113026401E-4,8.202048516855556E-4,0.0018804683529250403,-0.0016579149035498549,-0.01029194339489876,-0.0018423934820012442,7.032909029864111E-4,2.041411681770539E-4,1.309293289205946E-4,6.089805424059879E-5,-0.0015267703896540733,2.599753887155956E-4,-4.019785058911592E-4,-2.6551890365644385E-4,-1.7736754958861583E-4,1.7852824361015723E-4,-2.176939762674527E-4,4.1121222636410245E-5,-8.668837333443954E-5,-3.1701159373031287E-4,3.106235064003358E-5,3.0722198016940223E-4,2.5775865927248186E-5,-0.005554961769388647,-0.005148022733870432,-0.002706819751915329,-0.0012647280409351514,-0.0011882218908054742,-0.001928008167988372,0.004712120094690429,0.021580264459274908,0.0050490542634712456,-3.9352215844072695E-4,-2.02775368272229E-4,-3.181092350504684E-4,2.0224547634878202E-5],[-15.80684085790015,0.0015498504551013663,0.001271413308751638,0.0012224344742844584,9.147406492487044E-4,4.7060449705911935E-4,4.4970137285740814E-4,0.0013895782181303727,-0.0015867417494935443,-0.010790946337142539,-0.0016919580685084675,0.0012707742187613572,2.876274152472159E-4,2.2624408343111308E-4,-0.0015146997397136287,-4.77009540981101E-4,-3.99707325891942E-4,-3.815824263149532E-4,1.189148395830695E-4,-4.172867401689176E-5,-1.4158562624182137E-4,-1.6052515745218805E-5,4.9057939629943316E-6,-1.7166228345662435E-4,-1.8042192739655505E-5,2.35716402561745E-4,5.735793937150765E-5,-0.011294805021026847,-0.010339126468933202,-0.004291812825244169,-2.3628727256892707E-4,-6.544137765526331E-4,-8.609790102319325E-4,-0.0013311970665536676,0.0050490542634712456,0.022998561299284424,0.005323510476421765,-9.744639136427015E-4,4.649023969949847E-5,-4.105149447139696E-4],[-1.924583684022128,0.0015668573804463236,0.0037356632731666514,0.0018498337160713018,0.0013026466442521655,8.318563436661572E-4,3.7125186000022464E-4,-5.290325699923002E-5,0.0010443959953069825,-0.0018415223726005433,-0.00995582440553427,-0.0016466256916922743,0.0012739545919971179,1.3109862948013605E-4,-0.0010970728565582574,-0.0014202389648142728,-5.138392006279417E-4,-6.803336236456951E-4,-3.617652218184455E-5,-2.113295714656637E-4,5.516598872765527E-5,1.739988841423693E-4,1.8641222149761027E-4,1.7835085139989413E-5,3.803059841570943E-4,8.393306415417137E-5,2.0590201433868266E-4,-0.010016509970821593,-0.009626119160119337,-0.004741312521398642,-0.0017761643227101364,-6.696312999287664E-4,-7.160525040745898E-4,2.9781871641310515E-4,-3.9352215844072695E-4,0.005323510476421765,0.020794630701904657,0.004581178738620337,-0.0013863212751396722,1.905334019830145E-4],[-32.60353831003581,1.200199890458909E-4,0.006018283006699171,0.0022956695195047163,9.225080578257164E-4,0.0011770047048041685,1.7363562930953748E-4,-2.3262770406201513E-4,2.3986211142025586E-4,0.0010205232162322996,-0.0017942454570054366,-0.009851491719122875,-0.0016597025501886862,0.0011249729886101917,-3.385590517272177E-4,-6.977186708210573E-4,1.195600535567091E-5,8.739169929352427E-5,-2.464453539159212E-4,-4.1651864235546835E-4,-2.9612597958374333E-4,1.3948261188508507E-5,3.7526594248872325E-5,-4.2542028290524597E-4,-4.180317539045546E-5,-8.406465856033322E-5,1.1809939466131816E-4,-0.004033393836062356,-0.005567920782925093,-0.004333265946900541,-0.002494588840860435,-0.0016545335140209067,3.0072224871645944E-4,7.927836824136487E-5,-2.02775368272229E-4,-9.744639136427015E-4,0.004581178738620337,0.020148892283776507,0.004136443860240974,-0.0012019150957769138],[-7.6283262450493865,0.0010923399166309592,0.002679318732370252,0.0017089912581743948,0.0011132791847558673,6.649937202501732E-4,2.4073816409595213E-4,2.0607042475034084E-5,2.4638481803464354E-4,7.138263831819351E-5,0.001250152824843921,-0.0014649019857495558,-0.0090280203156309,-0.0010047080971148955,-6.513940615887566E-4,-1.6045629588023805E-4,-2.847885593298492E-4,-1.4797774571138837E-4,-1.3252801724280772E-4,-3.5548862180596603E-4,-5.075729295399372E-4,-2.957165207361085E-4,-1.514136882666434E-4,-3.5024295466196806E-5,9.090333630761263E-6,-4.29187844899775E-5,7.645663008500247E-5,-0.004521883089729644,-0.004538719790786554,-0.003435192168562152,-0.0025166695922981337,-0.001504063102411867,9.756436461804663E-5,6.923924778325845E-5,-3.181092350504684E-4,4.649023969949847E-5,-0.0013863212751396722,0.004136443860240974,0.018763300780232025,0.0033041147233903788],[-12.740042866081751,5.678838920103218E-4,0.004171681550347249,0.0013124713758685578,6.200154475127276E-4,7.562759101706878E-4,3.684594227984453E-4,1.2826491960907298E-5,2.4273786315097556E-4,9.068055517429771E-5,-4.04372120829722E-5,0.0011051463523631252,-0.0010453858057911498,-0.008581351094860266,-5.540041027684478E-4,-3.8050223035596516E-4,2.2794906452319166E-4,-3.363557247841129E-4,-1.17000726096422E-5,1.2445701828511378E-4,2.121450294512156E-5,5.144900801503384E-7,-5.1369310898097E-6,-1.3957724262426678E-4,-9.051992232386478E-5,6.657636384950984E-6,-5.83959528036325E-5,-0.005800907756181157,-0.0047805995021342525,-0.002922843297383549,-8.411067190081152E-4,-9.898866054679325E-4,-9.170496119913498E-4,-5.124351918017097E-4,2.0224547634878202E-5,-4.105149447139696E-4,1.905334019830145E-4,-0.0012019150957769138,0.0033041147233903788,0.017939945057821063]]}}
