phonemeScorers.SingleGaussianPhonemeScorer{ś:{mean:[14713.828714185915,1.7331628581810807,-2.0911474072802614,-0.3552850296597032,0.4530708130985485,-0.08652764044175688,-0.16319240387355355,0.10514888688318992,-0.06743042028142304,0.12932057142103737,0.04158564578302186,-0.0073651377401544905,0.034591259877967226,0.033278335254421434,-0.061172838398858835,0.01669278405065381,0.018021141012790783,-0.005071339828574679,-0.006570546310832883,0.0029793872667894217,-0.0054499015001272565,0.0011338390544569812,-0.004474905155068913,-0.0014840521399529822,0.001559466932410447,0.0030392975802425864,0.0015567181885877631,-0.019125350086950797,0.026374245693184327,0.001127477795308259,-0.004758780367120341,6.943384283700051E-4,0.0017684646657804962,-0.0030056763588850255,4.7671994195467026E-4,-0.00140392013362576,-0.0013514547069457643,5.388488452494867E-4,-4.234805422895131E-4,6.899972829525719E-4],covariances:[[1.0273274570654841E8,6393.558551047056,-4851.755838998977,-327.5706609937756,38.30396671065047,-879.1830742030454,-89.8856960062092,410.9282496915292,-90.98888746792313,165.9164217562578,307.5437820009686,132.49024933134928,173.78532584087537,246.0447115920984,-133.2559685588683,-46.342043197665525,-167.31298604365327,-207.38060886021256,-156.14019497706514,-48.911818942443944,-16.872107417435505,-30.440965388141528,-0.6539226106965358,33.24249273047269,22.697428053060623,0.11967550530175919,21.255139820103718,-169.1946422839853,272.5647691979762,85.1777616123721,-42.179458531979876,82.13062906492132,-10.359965958393818,-13.500573614025974,20.89328003255571,-16.17097383708855,-12.34550516858071,-26.48351382833839,-9.368566063000452,-17.790452563174004],[6393.558551047056,2.272099794262072,-0.2316008017478604,-0.1160272099458578,0.010828595142591163,-0.04669947059155242,-0.054062559790170356,-0.017692102884973266,-0.02866757674423818,-0.008689117748226245,-0.02203145268303375,-0.0029047206201602825,-0.025054975036441475,-0.01851126146146308,0.04397290905830077,-0.09973211185208722,-0.022062909300283668,-0.004724270599332842,-0.012185655742843724,-0.00781680141553705,0.0038098922676276293,-7.211877181169248E-4,0.004532455389083518,0.0058425380577193904,0.00584212737182718,0.005364984453547888,0.004277464409609873,-0.07644592028250483,0.007962523607568363,0.007095383725197161,7.474353209372628E-4,0.002018115922702672,0.001357141136822909,0.0016477160111667524,4.307320260372409E-4,0.0014380691800359034,0.0025349552792260856,-7.018449874641571E-5,0.0011730844549197683,4.5300935399366385E-4],[-4851.755838998977,-0.2316008017478604,1.0120088418940274,0.12424801412722869,-0.07186763647234551,0.05671090464503818,0.02719912120588307,-0.059913299359933746,0.0012353865337972766,-0.05908128950625847,-0.06019046524011779,-0.02467243661769041,-0.03747845707072098,-0.02712569834463267,0.0011932082933805907,0.05160223395806644,0.019327537100590462,0.02227070428960363,0.028690070403153165,0.0047420776572395795,-0.006831904502240547,0.004338373194087707,-1.9632142358222735E-4,-0.009547539527313216,-0.004916973447633354,-0.0015371048659343508,-0.00436344524512219,0.011201809964105738,-0.059906696044413024,-0.017848219564917795,-0.002370634536978159,-0.00683918237988595,-0.003077119950371365,7.256138693679687E-4,0.002185456893866831,0.00332268330883179,0.005316857228514339,0.006487874020166037,0.003719180114799728,0.004539562425126028],[-327.5706609937756,-0.1160272099458578,0.12424801412722869,0.1387469294606583,0.030624550905889572,-0.008685241513202418,0.012838591481099454,-0.0020852436110294155,0.006239859981970809,-0.012445148076569974,-0.012740319983223182,-0.010901841938632487,-0.007420300255784927,-0.004625371420110401,-0.01281946545688369,0.025685578079976748,0.00507262985315234,-4.577906038651049E-4,0.004319580503880916,0.0029792849493415455,-0.001506776321926037,-5.501007500372425E-4,-8.855852379351898E-4,-0.0018768152106767748,-0.001082373725914768,-0.0010341268870665999,-6.024180970991135E-4,0.0074459810560111965,-0.012032491741485742,-0.020102955191326998,-0.004822142428603122,-6.058958405491558E-4,-0.0010352026747950534,-4.2439241129750334E-5,9.86848001078498E-4,0.0015208338298353511,0.001871404611471774,0.0024403017433912073,0.0018800141793809148,0.0014147969286097371],[38.30396671065047,0.010828595142591163,-0.07186763647234551,0.030624550905889572,0.11201641584530968,0.028228194682068244,-0.00557883515614889,0.007480715225722169,0.00258630239592365,0.002901688118989005,-0.002765399417632634,-0.00961632744123555,-0.006177481435250552,-0.0037081546573885507,0.013549432239813494,-0.01994040138058641,-0.0013673787265376625,-5.197871204548695E-4,-0.003752479776616159,-3.905209205073828E-4,0.0017514608297982581,-5.60193219479708E-4,7.178400797954022E-4,7.846666400613744E-4,5.198235466311454E-4,7.646519103926718E-4,8.356515669568768E-4,5.525637047859422E-4,0.005836662680828718,-0.004657241529881641,-0.017039085432052133,-0.0038183152547560904,0.0015155546809291378,-1.41704462154318E-4,5.658045336602265E-4,3.703424071787767E-4,9.537703773596542E-4,0.00108935084640619,0.001270522792286027,6.094814111245337E-4],[-879.1830742030454,-0.04669947059155242,0.05671090464503818,-0.008685241513202418,0.028228194682068244,0.09503675587296377,0.007325454389994168,-0.005406696514845488,-0.0018173848404130365,-0.0040496805682247025,-0.003753886608556678,-0.003311783172423258,-0.002672130075504989,-0.00840396602479698,0.01126554471987639,-0.030525292362411353,-0.0015703270589993252,0.004846634640673132,-0.0017983677570925513,-0.002070533630922621,0.0023507520437567957,0.001618239077269935,7.41356401531099E-4,0.00152405243153557,0.001414572472902275,0.0012851342267245244,0.0010405793641349859,-4.158112663125587E-4,-0.0021548208085716766,-1.735051349297774E-4,-0.005056807363059726,-0.014183474222178909,-0.0015712008435493801,0.0021461208292723366,6.043645952621946E-4,4.0655057664975533E-4,9.858916376632731E-4,0.0012119800149339528,5.834217327098764E-4,9.630342832029843E-4],[-89.8856960062092,-0.054062559790170356,0.02719912120588307,0.012838591481099454,-0.00557883515614889,0.007325454389994168,0.039344359779235,0.003516592518512543,-0.004354825484079856,-0.0015201855467023551,-0.0022183617624433483,6.822226091365705E-4,0.002108821033675017,3.0991239730777736E-4,-0.004868509343434751,7.151466678103003E-5,2.922605709271274E-4,-4.4049403543382714E-4,6.828198611917145E-4,2.6433195596577315E-4,2.240204839113266E-4,4.298647959642645E-4,8.346722510928721E-5,2.9325271084521237E-4,-8.00805042403819E-5,-1.8538462539033628E-4,2.2437217163521583E-4,6.758075408493286E-4,-0.002089633721866574,-9.908298672243267E-5,0.0017197451904516318,-0.0020743972491330644,-0.011305736533560151,-0.0012761207567422138,0.0020324086142838958,7.414857048715246E-4,3.4548961706156123E-4,3.43761983350126E-5,1.4216081142059335E-4,4.8393142481147256E-4],[410.9282496915292,-0.017692102884973266,-0.059913299359933746,-0.0020852436110294155,0.007480715225722169,-0.005406696514845488,0.003516592518512543,0.03686906081681253,8.407898784253074E-4,-5.303567617383699E-4,0.004867558592488108,-1.7511940475378285E-4,0.002755572424043528,0.0014575796971810857,0.0032880071422888854,-0.010460038851570715,-0.0028457609871590734,-0.0018788988832753044,-0.003205555327724667,-5.270510497638645E-4,0.0011646411012780583,-3.437575379656871E-4,3.4395220233375567E-4,0.0014405029011588485,3.9664337037877476E-4,-6.442072481115475E-5,6.723790920815495E-4,7.869215398179931E-4,0.003255045883910295,0.001210487562191412,0.0012277461847519362,0.002259507856341199,-0.0013922943639456784,-0.010424918545313383,-0.0013447051879500618,0.0012681445055826761,-3.9203173302058747E-4,-5.71791026298036E-4,-2.1725046688052558E-4,1.0961830028722057E-5],[-90.98888746792313,-0.02866757674423818,0.0012353865337972766,0.006239859981970809,0.00258630239592365,-0.0018173848404130365,-0.004354825484079856,8.407898784253074E-4,0.02576590777154156,0.003208496083890754,-0.002918349646032129,-9.306624600512018E-5,-4.6657146246683733E-4,1.5013076019640843E-4,0.0010561041343999406,-0.0012085224809124766,4.7851545066260727E-4,7.614646193983405E-5,-4.0179671907116025E-4,-9.473062283639198E-5,-4.97756730214914E-6,-2.956452924478001E-4,-1.1060903555111522E-4,-1.3195625320276208E-4,-5.7723359712561464E-5,-6.221158397837489E-5,2.6233769491150036E-5,0.002381281292447723,7.516581245101879E-4,2.2589523075304522E-4,5.137108855646016E-4,9.96967102219264E-4,0.0019312827109056977,-0.001439399316928344,-0.010278811693428138,-0.0015582554089639369,0.0010641364110866801,-4.1335129493977576E-5,-4.801441476400096E-5,-5.4739358369285885E-5],[165.9164217562578,-0.008689117748226245,-0.05908128950625847,-0.012445148076569974,0.002901688118989005,-0.0040496805682247025,-0.0015201855467023551,-5.303567617383699E-4,0.003208496083890754,0.029453883767880815,0.004535225180628177,-0.002145004239887894,0.00148290489325919,0.0010151854594563441,0.006032392753542056,-0.013749900928685535,-0.0022304931691916924,-9.836902059064058E-4,-0.0023193877516335796,-7.260642439118308E-4,0.0011770300318925794,-2.636379268124764E-6,4.524338997632258E-4,6.750982286476989E-4,9.446649513279592E-4,9.319005871981242E-4,3.1378965396179224E-4,0.0013969193773698753,0.00451064338161675,0.0016437694603146137,4.718908719044619E-4,7.571280317405297E-4,9.693587708322172E-4,0.001419382933240439,-0.0017357673155198382,-0.010527442595571873,-0.0015753722919520643,0.0010779967620590135,-6.857113769157901E-5,-1.4303731929496532E-4],[307.5437820009686,-0.02203145268303375,-0.06019046524011779,-0.012740319983223182,-0.002765399417632634,-0.003753886608556678,-0.0022183617624433483,0.004867558592488108,-0.002918349646032129,0.004535225180628177,0.02528816580147996,0.004775710891884281,1.1112783812652807E-4,0.002219421659207837,-7.206517317054011E-4,1.8162025044711412E-4,-7.310532733929472E-4,-9.157119002972047E-4,-0.0016152125174828957,-2.9121756775019487E-4,1.0849075996076608E-4,-1.8646643581449226E-4,1.2386767293966495E-4,3.296180974574968E-4,-7.332724780054197E-5,6.602560876597531E-5,1.2737642437358037E-4,0.0021470914244317695,0.00454607178849147,0.002654477710922303,0.0017236399887100395,0.00111915830610607,5.617337823094242E-4,-2.6708239343787905E-5,9.247359597145793E-4,-0.0015551050692583677,-0.010043970898709474,-0.0017348371942710378,0.001102039713604944,-1.8940332836133459E-4],[132.49024933134928,-0.0029047206201602825,-0.02467243661769041,-0.010901841938632487,-0.00961632744123555,-0.003311783172423258,6.822226091365705E-4,-1.7511940475378285E-4,-9.306624600512018E-5,-0.002145004239887894,0.004775710891884281,0.020083517510328917,0.003751897602599803,-2.8437458441040234E-4,-0.0036566539820491436,0.0031592310704311993,-1.2378732865724724E-4,-6.6308052064477E-4,-8.676711119574879E-4,2.3082703406687648E-4,1.7003964562468582E-4,-3.113292777570043E-5,-2.823961049716768E-4,3.420371895075692E-4,-1.864933870112914E-4,-3.451449146185944E-4,2.6712133296074274E-4,6.001960043608895E-4,0.00282207100284254,0.00264032473436096,0.0018829371015694888,0.001129158765064921,-9.928446230314784E-6,-6.494123898564163E-5,-5.8139459101002285E-5,0.001153065769083184,-0.0015574410788330203,-0.009564385055903185,-0.0013751672465571255,8.63417951538487E-4],[173.78532584087537,-0.025054975036441475,-0.03747845707072098,-0.007420300255784927,-0.006177481435250552,-0.002672130075504989,0.002108821033675017,0.002755572424043528,-4.6657146246683733E-4,0.00148290489325919,1.1112783812652807E-4,0.003751897602599803,0.019266561221828217,0.002899706736712816,-0.0047648749683641125,0.0020927192126802773,6.53688255244549E-6,-0.0012878051813620403,-6.59821732648727E-4,4.2079049554619294E-4,6.58584335105296E-4,-1.2878668749351054E-4,-4.543581371261795E-4,2.372344699017795E-4,2.7747279561893463E-4,-2.2004817174130223E-4,1.972868073867827E-4,9.135156037178882E-4,0.002716922743415575,0.0018762538169808504,0.001490634502734374,7.276751565198027E-4,1.704464071581442E-4,2.65955276432821E-5,-3.380627587005247E-5,1.4275490470409905E-4,0.001261250029973182,-0.0015420864239568224,-0.009153354057988979,-9.96975410934001E-4],[246.0447115920984,-0.01851126146146308,-0.02712569834463267,-0.004625371420110401,-0.0037081546573885507,-0.00840396602479698,3.0991239730777736E-4,0.0014575796971810857,1.5013076019640843E-4,0.0010151854594563441,0.002219421659207837,-2.8437458441040234E-4,0.002899706736712816,0.017391977251809704,-0.003974370084489757,0.004716750667263814,4.0459043816447874E-4,-8.4233538447621E-4,-4.288847583753944E-4,8.217420884266727E-5,-3.5227438853857406E-4,-2.1593606042243682E-4,-2.5275205929750134E-4,-7.063824830562561E-5,-2.397663117309293E-4,-2.1002779962619428E-4,-1.0323081682868196E-4,0.0017027246085678448,0.0014933976039007283,0.0011464472653210482,6.900939431259258E-4,8.744446232425356E-4,4.558777807991223E-4,2.248492684027376E-4,-7.944863467593282E-5,5.262848010330341E-5,4.31595395163103E-5,9.466209518971241E-4,-9.314740376392242E-4,-0.008446359596519487],[-133.2559685588683,0.04397290905830077,0.0011932082933805907,-0.01281946545688369,0.013549432239813494,0.01126554471987639,-0.004868509343434751,0.0032880071422888854,0.0010561041343999406,0.006032392753542056,-7.206517317054011E-4,-0.0036566539820491436,-0.0047648749683641125,-0.003974370084489757,0.2620925088411445,9.590815607938691E-4,-0.004192006743945299,-0.011204397918787187,-0.02313349907077033,-0.01366333621977111,1.3832559323014062E-4,-0.004606013383973143,-0.005266920011532159,-0.005471015414773013,-0.0013563960835391007,-0.0016375102249179836,-0.0027863521965416777,0.0037860126901097402,-0.00396215903887268,-0.001942475851294862,-0.0013296872177718945,-2.845283756680138E-4,-3.5183148768410766E-4,-9.854821851135436E-4,-0.0018083002998942888,-8.969579943839852E-4,-7.258117838834339E-4,1.9191742820184964E-5,3.4411324850265856E-4,6.153678963760696E-4],[-46.342043197665525,-0.09973211185208722,0.05160223395806644,0.025685578079976748,-0.01994040138058641,-0.030525292362411353,7.151466678103003E-5,-0.010460038851570715,-0.0012085224809124766,-0.013749900928685535,1.8162025044711412E-4,0.0031592310704311993,0.0020927192126802773,0.004716750667263814,9.590815607938691E-4,0.24484234800528779,0.046858030274490745,-0.02132888048750731,0.002822255216293571,0.004596976682091929,-0.013694778610630485,-0.0033664017481431275,-0.015041420942927089,-0.016696599972845855,-0.01042583008626244,-0.009697735132030236,-0.006230946396652514,0.004592359060483286,-8.655944559748467E-4,-2.067208347908003E-4,-2.7138827374001493E-4,1.788647267355594E-4,-9.691969437854136E-4,-0.002355290555473707,5.980095878266016E-4,-1.7518143082481745E-4,-0.0012515584909076243,-4.7494250278835854E-4,1.98984650942089E-4,7.526669298499543E-6],[-167.31298604365327,-0.022062909300283668,0.019327537100590462,0.00507262985315234,-0.0013673787265376625,-0.0015703270589993252,2.922605709271274E-4,-0.0028457609871590734,4.7851545066260727E-4,-0.0022304931691916924,-7.310532733929472E-4,-1.2378732865724724E-4,6.53688255244549E-6,4.0459043816447874E-4,-0.004192006743945299,0.046858030274490745,0.041143123605989686,0.008184662298226427,1.6949985309048252E-4,-9.057299865461629E-5,-0.0028624050679133544,-0.0011173077396591316,-0.003896647465699315,-0.005200442008272941,-0.005114771554331748,-0.003650022972949567,-0.002565096513795471,0.0010218832882313502,-1.2552358829411427E-4,1.2166359773319198E-4,-3.4220992758995446E-6,-4.113815765509117E-4,-6.065624638317704E-4,-8.548455756726135E-4,-3.7819750334753253E-4,-5.649005291157626E-4,-4.965726062757097E-4,1.0169263311944088E-4,-1.5925922388230698E-4,1.7209104034726354E-4],[-207.38060886021256,-0.004724270599332842,0.02227070428960363,-4.577906038651049E-4,-5.197871204548695E-4,0.004846634640673132,-4.4049403543382714E-4,-0.0018788988832753044,7.614646193983405E-5,-9.836902059064058E-4,-9.157119002972047E-4,-6.6308052064477E-4,-0.0012878051813620403,-8.4233538447621E-4,-0.011204397918787187,-0.02132888048750731,0.008184662298226427,0.036676169857443396,0.01242789192387658,-0.0018964361650503348,-0.0010388053408169587,-6.375460081503841E-4,3.8398746660546967E-4,-0.0014686990883211388,-0.0026851131120816355,-0.0021836674978745895,-9.610289204440647E-4,0.001495081212405133,6.763089885774563E-4,1.9472483237151198E-4,1.220859293659616E-5,-2.653928643871418E-5,-2.281605971142254E-4,-2.9059715045545053E-4,-1.3649266688043265E-4,-5.832615766566236E-4,-6.951044064534323E-4,-1.597241734186993E-4,-2.9118636153518577E-4,-1.7626062725478476E-4],[-156.14019497706514,-0.012185655742843724,0.028690070403153165,0.004319580503880916,-0.003752479776616159,-0.0017983677570925513,6.828198611917145E-4,-0.003205555327724667,-4.0179671907116025E-4,-0.0023193877516335796,-0.0016152125174828957,-8.676711119574879E-4,-6.59821732648727E-4,-4.288847583753944E-4,-0.02313349907077033,0.002822255216293571,1.6949985309048252E-4,0.01242789192387658,0.03035451621766198,0.00693181386624868,-0.003602264324279026,-0.00150345131063469,-0.0011632214300446905,-0.0014839945122640428,-0.0017945810649408688,-0.0013656231683158622,-0.001547918305793953,6.032956304118629E-4,2.808342954210739E-4,4.1109626530934693E-4,-9.592050824361449E-5,-4.0668794782226995E-5,7.429797931530043E-5,-8.44078497687373E-5,-1.397742066781261E-4,-4.335887358162528E-5,-3.558108160948668E-5,-2.1802116737693083E-4,-2.1039907580681542E-4,3.789917621904642E-5],[-48.911818942443944,-0.00781680141553705,0.0047420776572395795,0.0029792849493415455,-3.905209205073828E-4,-0.002070533630922621,2.6433195596577315E-4,-5.270510497638645E-4,-9.473062283639198E-5,-7.260642439118308E-4,-2.9121756775019487E-4,2.3082703406687648E-4,4.2079049554619294E-4,8.217420884266727E-5,-0.01366333621977111,0.004596976682091929,-9.057299865461629E-5,-0.0018964361650503348,0.00693181386624868,0.022514657550367852,0.003736870203224511,-0.003126628531235504,-0.001956110959883345,-8.896187300408314E-4,2.618354826361053E-4,-1.8026391566338589E-4,-8.671130607378508E-4,-2.862202306190894E-4,6.996942793317842E-4,6.83957076492292E-4,2.3271804755353663E-4,-1.0784116731068145E-4,-2.3265103544588375E-5,-1.829671365682624E-4,6.432363721878784E-5,-7.804819054330764E-6,-6.951929728462087E-5,-3.7100611862396965E-4,-3.3099425744104E-4,-1.4380500275279823E-4],[-16.872107417435505,0.0038098922676276293,-0.006831904502240547,-0.001506776321926037,0.0017514608297982581,0.0023507520437567957,2.240204839113266E-4,0.0011646411012780583,-4.97756730214914E-6,0.0011770300318925794,1.0849075996076608E-4,1.7003964562468582E-4,6.58584335105296E-4,-3.5227438853857406E-4,1.3832559323014062E-4,-0.013694778610630485,-0.0028624050679133544,-0.0010388053408169587,-0.003602264324279026,0.003736870203224511,0.02024654079598941,0.003289246437339172,-0.001486837948481798,7.364356786942658E-4,8.479487903059023E-4,8.992877160728446E-4,-1.280283621278312E-4,5.709861548498148E-4,0.0021697450919441444,0.001038254605514056,4.0005494907285503E-4,-5.585429258991687E-6,1.6810878259731373E-4,8.565757727275072E-5,-8.990365838292116E-5,-2.44011602774792E-4,-1.8670573400301872E-4,-4.2659406047896296E-4,-6.450445047198108E-4,2.424668018851365E-5],[-30.440965388141528,-7.211877181169248E-4,0.004338373194087707,-5.501007500372425E-4,-5.60193219479708E-4,0.001618239077269935,4.298647959642645E-4,-3.437575379656871E-4,-2.956452924478001E-4,-2.636379268124764E-6,-1.8646643581449226E-4,-3.113292777570043E-5,-1.2878668749351054E-4,-2.1593606042243682E-4,-0.004606013383973143,-0.0033664017481431275,-0.0011173077396591316,-6.375460081503841E-4,-0.00150345131063469,-0.003126628531235504,0.003289246437339172,0.018839739480168028,0.004152874831426074,-0.0013028144391411174,-2.448019290788425E-4,1.041738245028538E-5,3.2500083014378264E-4,0.0017101759705832936,-9.70753623008414E-5,4.049347592621461E-4,2.762620574777117E-5,7.425767136518913E-5,-5.127902645139328E-5,-6.897140180737778E-5,-1.7777925710001376E-5,-1.2059342485601407E-4,-1.4402672474167713E-4,-9.74429142619815E-5,-1.9446383800295183E-4,1.1775248857828503E-4],[-0.6539226106965358,0.004532455389083518,-1.9632142358222735E-4,-8.855852379351898E-4,7.178400797954022E-4,7.41356401531099E-4,8.346722510928721E-5,3.4395220233375567E-4,-1.1060903555111522E-4,4.524338997632258E-4,1.2386767293966495E-4,-2.823961049716768E-4,-4.543581371261795E-4,-2.5275205929750134E-4,-0.005266920011532159,-0.015041420942927089,-0.003896647465699315,3.8398746660546967E-4,-0.0011632214300446905,-0.001956110959883345,-0.001486837948481798,0.004152874831426074,0.01942228549022011,0.004306871043650202,-0.001318595980713325,-9.674314154436446E-5,7.061894294118033E-5,4.743593316924356E-4,5.878217587301433E-4,6.565558214926404E-4,4.989812085501158E-4,4.383502535429254E-6,4.850541606128886E-5,2.0805396895763064E-4,8.724089997582357E-5,-5.08025432452431E-5,-1.8006013605787022E-4,-1.0478955791363392E-5,1.3357992880623656E-4,3.0922608472608155E-5],[33.24249273047269,0.0058425380577193904,-0.009547539527313216,-0.0018768152106767748,7.846666400613744E-4,0.00152405243153557,2.9325271084521237E-4,0.0014405029011588485,-1.3195625320276208E-4,6.750982286476989E-4,3.296180974574968E-4,3.420371895075692E-4,2.372344699017795E-4,-7.063824830562561E-5,-0.005471015414773013,-0.016696599972845855,-0.005200442008272941,-0.0014686990883211388,-0.0014839945122640428,-8.896187300408314E-4,7.364356786942658E-4,-0.0013028144391411174,0.004306871043650202,0.018517273693390447,0.004026564129474849,-0.0013722444736040962,-8.144113485821342E-6,2.713665925615652E-4,0.0011385469497132037,6.759944721191269E-4,7.57844409560714E-4,1.0339285762431297E-4,1.4928038065012766E-4,2.4902974619986503E-4,7.967321348647471E-5,1.813240810154864E-4,1.766114704926317E-5,-3.4581500260208263E-4,-7.973669905753572E-5,-7.334276810211023E-5],[22.697428053060623,0.00584212737182718,-0.004916973447633354,-0.001082373725914768,5.198235466311454E-4,0.001414572472902275,-8.00805042403819E-5,3.9664337037877476E-4,-5.7723359712561464E-5,9.446649513279592E-4,-7.332724780054197E-5,-1.864933870112914E-4,2.7747279561893463E-4,-2.397663117309293E-4,-0.0013563960835391007,-0.01042583008626244,-0.005114771554331748,-0.0026851131120816355,-0.0017945810649408688,2.618354826361053E-4,8.479487903059023E-4,-2.448019290788425E-4,-0.001318595980713325,0.004026564129474849,0.0169451174329689,0.003464422510364652,-0.0012928434530195979,-2.4341942595503013E-4,3.926978171930752E-4,-1.8360946819820075E-4,2.330420100000632E-4,3.097472693260986E-4,3.832797645572283E-4,3.8305354375705057E-4,1.1088988889941939E-4,8.697071851711742E-5,2.6237712977570326E-4,-4.256502935627401E-5,-8.837631983053635E-5,2.2045702707862273E-5],[0.11967550530175919,0.005364984453547888,-0.0015371048659343508,-0.0010341268870665999,7.646519103926718E-4,0.0012851342267245244,-1.8538462539033628E-4,-6.442072481115475E-5,-6.221158397837489E-5,9.319005871981242E-4,6.602560876597531E-5,-3.451449146185944E-4,-2.2004817174130223E-4,-2.1002779962619428E-4,-0.0016375102249179836,-0.009697735132030236,-0.003650022972949567,-0.0021836674978745895,-0.0013656231683158622,-1.8026391566338589E-4,8.992877160728446E-4,1.041738245028538E-5,-9.674314154436446E-5,-0.0013722444736040962,0.003464422510364652,0.016203489283536713,0.002353968075520078,-4.6828704008719773E-4,1.0541112685127041E-4,1.424772480183218E-4,1.8503585286905588E-4,1.250865934304001E-4,4.0353481870745544E-4,6.388574224978676E-4,2.0335335295567763E-4,-1.035240144210381E-4,2.021736184897385E-5,6.15123393624875E-5,-3.41285410674209E-5,9.336130018595653E-5],[21.255139820103718,0.004277464409609873,-0.00436344524512219,-6.024180970991135E-4,8.356515669568768E-4,0.0010405793641349859,2.2437217163521583E-4,6.723790920815495E-4,2.6233769491150036E-5,3.1378965396179224E-4,1.2737642437358037E-4,2.6712133296074274E-4,1.972868073867827E-4,-1.0323081682868196E-4,-0.0027863521965416777,-0.006230946396652514,-0.002565096513795471,-9.610289204440647E-4,-0.001547918305793953,-8.671130607378508E-4,-1.280283621278312E-4,3.2500083014378264E-4,7.061894294118033E-5,-8.144113485821342E-6,-0.0012928434530195979,0.002353968075520078,0.014860730376247246,-6.208095276761928E-4,-2.6750295754602124E-5,-1.2763245879442362E-4,1.549210670786542E-4,-5.9561000122370885E-5,1.4246387919968488E-4,-9.151886557105709E-6,-1.2863814445660614E-4,1.8877544321791356E-6,7.269912556632295E-5,-4.460200173531674E-5,-9.432332374995127E-5,-2.9795536420969088E-5],[-169.1946422839853,-0.07644592028250483,0.011201809964105738,0.0074459810560111965,5.525637047859422E-4,-4.158112663125587E-4,6.758075408493286E-4,7.869215398179931E-4,0.002381281292447723,0.0013969193773698753,0.0021470914244317695,6.001960043608895E-4,9.135156037178882E-4,0.0017027246085678448,0.0037860126901097402,0.004592359060483286,0.0010218832882313502,0.001495081212405133,6.032956304118629E-4,-2.862202306190894E-4,5.709861548498148E-4,0.0017101759705832936,4.743593316924356E-4,2.713665925615652E-4,-2.4341942595503013E-4,-4.6828704008719773E-4,-6.208095276761928E-4,0.2637464296762445,0.10867075318435176,0.02562781709527036,-0.024905152055179496,-0.031896123656697,-0.01415235744043092,-0.004222256708275197,-0.006894184404150034,-0.011338586625396605,-0.011081437822537432,-0.005257627658585982,-0.0050880488834297,-0.0055195071560786655],[272.5647691979762,0.007962523607568363,-0.059906696044413024,-0.012032491741485742,0.005836662680828718,-0.0021548208085716766,-0.002089633721866574,0.003255045883910295,7.516581245101879E-4,0.00451064338161675,0.00454607178849147,0.00282207100284254,0.002716922743415575,0.0014933976039007283,-0.00396215903887268,-8.655944559748467E-4,-1.2552358829411427E-4,6.763089885774563E-4,2.808342954210739E-4,6.996942793317842E-4,0.0021697450919441444,-9.70753623008414E-5,5.878217587301433E-4,0.0011385469497132037,3.926978171930752E-4,1.0541112685127041E-4,-2.6750295754602124E-5,0.10867075318435176,0.1545952453687799,0.04209628839709247,-0.02642331411108301,-0.020621115546707085,-0.007447338484113534,-0.004424604052830475,-0.004455824680510774,-0.012603485777811046,-0.010640041922876315,-0.005719443237780673,-0.005454470813799922,-0.0048751182808294035],[85.1777616123721,0.007095383725197161,-0.017848219564917795,-0.020102955191326998,-0.004657241529881641,-1.735051349297774E-4,-9.908298672243267E-5,0.001210487562191412,2.2589523075304522E-4,0.0016437694603146137,0.002654477710922303,0.00264032473436096,0.0018762538169808504,0.0011464472653210482,-0.001942475851294862,-2.067208347908003E-4,1.2166359773319198E-4,1.9472483237151198E-4,4.1109626530934693E-4,6.83957076492292E-4,0.001038254605514056,4.049347592621461E-4,6.565558214926404E-4,6.759944721191269E-4,-1.8360946819820075E-4,1.424772480183218E-4,-1.2763245879442362E-4,0.02562781709527036,0.04209628839709247,0.042654086201460634,0.005941729604459898,-0.004384946864239424,-0.0024544396260185244,-0.002116131720920827,-0.002632334467172895,-0.0048115585006480955,-0.005078825449632243,-0.004748140246707315,-0.0036688533661255415,-0.0028873357812859704],[-42.179458531979876,7.474353209372628E-4,-0.002370634536978159,-0.004822142428603122,-0.017039085432052133,-0.005056807363059726,0.0017197451904516318,0.0012277461847519362,5.137108855646016E-4,4.718908719044619E-4,0.0017236399887100395,0.0018829371015694888,0.001490634502734374,6.900939431259258E-4,-0.0013296872177718945,-2.7138827374001493E-4,-3.4220992758995446E-6,1.220859293659616E-5,-9.592050824361449E-5,2.3271804755353663E-4,4.0005494907285503E-4,2.762620574777117E-5,4.989812085501158E-4,7.57844409560714E-4,2.330420100000632E-4,1.8503585286905588E-4,1.549210670786542E-4,-0.024905152055179496,-0.02642331411108301,0.005941729604459898,0.04007640744629631,0.01602203932852849,7.038610699278185E-4,-0.0013994213046737895,-0.0015393192372902243,3.690609142475517E-4,-0.0013370026017306535,-0.0028048251329191643,-0.002273118907421454,-8.326346017314344E-4],[82.13062906492132,0.002018115922702672,-0.00683918237988595,-6.058958405491558E-4,-0.0038183152547560904,-0.014183474222178909,-0.0020743972491330644,0.002259507856341199,9.96967102219264E-4,7.571280317405297E-4,0.00111915830610607,0.001129158765064921,7.276751565198027E-4,8.744446232425356E-4,-2.845283756680138E-4,1.788647267355594E-4,-4.113815765509117E-4,-2.653928643871418E-5,-4.0668794782226995E-5,-1.0784116731068145E-4,-5.585429258991687E-6,7.425767136518913E-5,4.383502535429254E-6,1.0339285762431297E-4,3.097472693260986E-4,1.250865934304001E-4,-5.9561000122370885E-5,-0.031896123656697,-0.020621115546707085,-0.004384946864239424,0.01602203932852849,0.034041076076264117,0.008842210491697422,-0.0019495104959806235,-0.0010388445104254865,-5.8655463750355215E-5,-4.270680472502897E-4,-0.0013348565773893557,-9.878852346333065E-4,-9.618792141759326E-4],[-10.359965958393818,0.001357141136822909,-0.003077119950371365,-0.0010352026747950534,0.0015155546809291378,-0.0015712008435493801,-0.011305736533560151,-0.0013922943639456784,0.0019312827109056977,9.693587708322172E-4,5.617337823094242E-4,-9.928446230314784E-6,1.704464071581442E-4,4.558777807991223E-4,-3.5183148768410766E-4,-9.691969437854136E-4,-6.065624638317704E-4,-2.281605971142254E-4,7.429797931530043E-5,-2.3265103544588375E-5,1.6810878259731373E-4,-5.127902645139328E-5,4.850541606128886E-5,1.4928038065012766E-4,3.832797645572283E-4,4.0353481870745544E-4,1.4246387919968488E-4,-0.01415235744043092,-0.007447338484113534,-0.0024544396260185244,7.038610699278185E-4,0.008842210491697422,0.02527815738606449,0.00502449048141044,-0.0021646210943077958,-0.0010321766521333906,-5.012625152688903E-4,2.861198835613817E-4,-9.392734987397148E-5,-9.244039093554972E-4],[-13.500573614025974,0.0016477160111667524,7.256138693679687E-4,-4.2439241129750334E-5,-1.41704462154318E-4,0.0021461208292723366,-0.0012761207567422138,-0.010424918545313383,-0.001439399316928344,0.001419382933240439,-2.6708239343787905E-5,-6.494123898564163E-5,2.65955276432821E-5,2.248492684027376E-4,-9.854821851135436E-4,-0.002355290555473707,-8.548455756726135E-4,-2.9059715045545053E-4,-8.44078497687373E-5,-1.829671365682624E-4,8.565757727275072E-5,-6.897140180737778E-5,2.0805396895763064E-4,2.4902974619986503E-4,3.8305354375705057E-4,6.388574224978676E-4,-9.151886557105709E-6,-0.004222256708275197,-0.004424604052830475,-0.002116131720920827,-0.0013994213046737895,-0.0019495104959806235,0.00502449048141044,0.022570837210498282,0.004544412866755372,-0.0011960985726609955,5.940245031294799E-4,3.4582750799609896E-4,1.6334332774015753E-4,-5.854514494946158E-4],[20.89328003255571,4.307320260372409E-4,0.002185456893866831,9.86848001078498E-4,5.658045336602265E-4,6.043645952621946E-4,0.0020324086142838958,-0.0013447051879500618,-0.010278811693428138,-0.0017357673155198382,9.247359597145793E-4,-5.8139459101002285E-5,-3.380627587005247E-5,-7.944863467593282E-5,-0.0018083002998942888,5.980095878266016E-4,-3.7819750334753253E-4,-1.3649266688043265E-4,-1.397742066781261E-4,6.432363721878784E-5,-8.990365838292116E-5,-1.7777925710001376E-5,8.724089997582357E-5,7.967321348647471E-5,1.1088988889941939E-4,2.0335335295567763E-4,-1.2863814445660614E-4,-0.006894184404150034,-0.004455824680510774,-0.002632334467172895,-0.0015393192372902243,-0.0010388445104254865,-0.0021646210943077958,0.004544412866755372,0.0218094859693531,0.005213669500061867,-2.951505567502461E-4,4.42676172190883E-4,-1.3957404851539188E-6,1.9149481459035863E-4],[-16.17097383708855,0.0014380691800359034,0.00332268330883179,0.0015208338298353511,3.703424071787767E-4,4.0655057664975533E-4,7.414857048715246E-4,0.0012681445055826761,-0.0015582554089639369,-0.010527442595571873,-0.0015551050692583677,0.001153065769083184,1.4275490470409905E-4,5.262848010330341E-5,-8.969579943839852E-4,-1.7518143082481745E-4,-5.649005291157626E-4,-5.832615766566236E-4,-4.335887358162528E-5,-7.804819054330764E-6,-2.44011602774792E-4,-1.2059342485601407E-4,-5.08025432452431E-5,1.813240810154864E-4,8.697071851711742E-5,-1.035240144210381E-4,1.8877544321791356E-6,-0.011338586625396605,-0.012603485777811046,-0.0048115585006480955,3.690609142475517E-4,-5.8655463750355215E-5,-0.0010321766521333906,-0.0011960985726609955,0.005213669500061867,0.022723698558416862,0.005298210636811748,-7.37526355609383E-4,3.14241331755888E-4,-7.904402778687843E-5],[-12.34550516858071,0.0025349552792260856,0.005316857228514339,0.001871404611471774,9.537703773596542E-4,9.858916376632731E-4,3.4548961706156123E-4,-3.9203173302058747E-4,0.0010641364110866801,-0.0015753722919520643,-0.010043970898709474,-0.0015574410788330203,0.001261250029973182,4.31595395163103E-5,-7.258117838834339E-4,-0.0012515584909076243,-4.965726062757097E-4,-6.951044064534323E-4,-3.558108160948668E-5,-6.951929728462087E-5,-1.8670573400301872E-4,-1.4402672474167713E-4,-1.8006013605787022E-4,1.766114704926317E-5,2.6237712977570326E-4,2.021736184897385E-5,7.269912556632295E-5,-0.011081437822537432,-0.010640041922876315,-0.005078825449632243,-0.0013370026017306535,-4.270680472502897E-4,-5.012625152688903E-4,5.940245031294799E-4,-2.951505567502461E-4,0.005298210636811748,0.021052681051525968,0.004548897955846872,-0.0012602145141130106,4.112166752871181E-4],[-26.48351382833839,-7.018449874641571E-5,0.006487874020166037,0.0024403017433912073,0.00108935084640619,0.0012119800149339528,3.43761983350126E-5,-5.71791026298036E-4,-4.1335129493977576E-5,0.0010779967620590135,-0.0017348371942710378,-0.009564385055903185,-0.0015420864239568224,9.466209518971241E-4,1.9191742820184964E-5,-4.7494250278835854E-4,1.0169263311944088E-4,-1.597241734186993E-4,-2.1802116737693083E-4,-3.7100611862396965E-4,-4.2659406047896296E-4,-9.74429142619815E-5,-1.0478955791363392E-5,-3.4581500260208263E-4,-4.256502935627401E-5,6.15123393624875E-5,-4.460200173531674E-5,-0.005257627658585982,-0.005719443237780673,-0.004748140246707315,-0.0028048251329191643,-0.0013348565773893557,2.861198835613817E-4,3.4582750799609896E-4,4.42676172190883E-4,-7.37526355609383E-4,0.004548897955846872,0.0197676292892459,0.004092683116290305,-7.681001682420736E-4],[-9.368566063000452,0.0011730844549197683,0.003719180114799728,0.0018800141793809148,0.001270522792286027,5.834217327098764E-4,1.4216081142059335E-4,-2.1725046688052558E-4,-4.801441476400096E-5,-6.857113769157901E-5,0.001102039713604944,-0.0013751672465571255,-0.009153354057988979,-9.314740376392242E-4,3.4411324850265856E-4,1.98984650942089E-4,-1.5925922388230698E-4,-2.9118636153518577E-4,-2.1039907580681542E-4,-3.3099425744104E-4,-6.450445047198108E-4,-1.9446383800295183E-4,1.3357992880623656E-4,-7.973669905753572E-5,-8.837631983053635E-5,-3.41285410674209E-5,-9.432332374995127E-5,-0.0050880488834297,-0.005454470813799922,-0.0036688533661255415,-0.002273118907421454,-9.878852346333065E-4,-9.392734987397148E-5,1.6334332774015753E-4,-1.3957404851539188E-6,3.14241331755888E-4,-0.0012602145141130106,0.004092683116290305,0.01914127154617201,0.0030886955034715134],[-17.790452563174004,4.5300935399366385E-4,0.004539562425126028,0.0014147969286097371,6.094814111245337E-4,9.630342832029843E-4,4.8393142481147256E-4,1.0961830028722057E-5,-5.4739358369285885E-5,-1.4303731929496532E-4,-1.8940332836133459E-4,8.63417951538487E-4,-9.96975410934001E-4,-0.008446359596519487,6.153678963760696E-4,7.526669298499543E-6,1.7209104034726354E-4,-1.7626062725478476E-4,3.789917621904642E-5,-1.4380500275279823E-4,2.424668018851365E-5,1.1775248857828503E-4,3.0922608472608155E-5,-7.334276810211023E-5,2.2045702707862273E-5,9.336130018595653E-5,-2.9795536420969088E-5,-0.0055195071560786655,-0.0048751182808294035,-0.0028873357812859704,-8.326346017314344E-4,-9.618792141759326E-4,-9.244039093554972E-4,-5.854514494946158E-4,1.9149481459035863E-4,-7.904402778687843E-5,4.112166752871181E-4,-7.681001682420736E-4,0.0030886955034715134,0.017745468401133453]]}}
