phonemeScorers.SingleGaussianPhonemeScorer{ś:-2.263234:{mean:[14018.224841691586,2.3206653632281586,-2.094678164620856,-0.33655260764848327,0.5328500805567643,-0.07375812081646148,-0.17981245098720833,0.10620600180625503,-0.08575625668897224,0.11201652699138152,0.009881696658266085,-0.007334238850654537,0.019372092645539095,0.01910159319206128,-0.011318648338272376,-0.013158337843128191,0.009323853054018873,0.0068328372031125,-0.005989079006253741,-0.001625863089344159,-0.002850852546805628,6.482671349226689E-4,-0.002767267139769144,-9.996942082774942E-4,0.0011584791648868804,0.0025121898910459963,0.0018304967648514196,-0.020294155934674856,0.025444006956555045,0.0014100481757262672,-0.003960051945504245,4.2030295220401947E-4,0.0012969781962635732,-0.0018111390989564125,7.361785363245393E-4,-0.0014118441465852955,-0.0010691269854902208,1.1438588022685516E-4,-5.945461223770553E-4,8.034370166553408E-4],covariances:[[9.645111930279328E7,7229.997316456291,-4547.603272839775,-102.02002954271296,185.01385194911197,-975.7127092950275,-130.94533309249636,300.1504463695782,-31.509658369562377,98.61376287321673,189.79718663097373,61.999871163797565,135.16341464406372,208.69506513576715,-20.951793039210454,64.53527427819651,-146.00915526818696,-175.21486391689044,-136.980615427263,-40.33478455750207,-25.432318538084296,-40.12195686996695,0.1935065056373993,29.707110709942302,9.531157243329345,-6.793707743021806,11.289445666924037,-125.1145123482143,236.71047934912028,67.82744640552791,-42.970502378999214,77.87178647492713,-8.171850860812574,-18.843725053833225,17.58858987409729,-17.9378326725788,-5.141438987522332,-20.100407365541937,-7.816739657984058,-16.165272565108218],[7229.997316456291,1.2239298815127337,-0.01665222873711498,-0.032990450735485316,-0.010518650486396483,-0.014778828565457227,-0.025379410855591863,0.0026984133250816354,-0.0028959121750533564,-0.02139542323662194,-0.013108988902084121,-0.01620170761287741,-0.014307532210173656,-0.006735618057433824,0.019791670774206245,-0.017174335689987913,-0.011534701585859833,-0.004542361392453792,-0.006307519206002872,-0.004150502795207429,-9.886357333773368E-4,-0.0010716371822920377,-1.0155254351057768E-4,0.0010194265916426838,0.0010404755377830786,5.017768248496735E-4,0.001666990199757878,-0.04657317308856413,-0.0015363093383758703,0.0050070873334105035,0.0027396769407385343,8.406406500572536E-4,0.001007437217697142,3.4014151393059916E-4,9.44288988174628E-5,0.0022801506730523763,0.0016012475179931396,3.5107809061880305E-4,6.498286967772995E-4,7.014195056404258E-5],[-4547.603272839775,-0.01665222873711498,0.7376651245617698,0.06958316101836166,-0.004757651369577714,0.09035778223666777,0.023334000380629057,-0.04579492554805037,-0.0033084926050302227,-0.035573172813448156,-0.04966407518191534,-0.033587833049661196,-0.03257859114923862,-0.03360327803586868,0.027088583369698133,-0.006061263645532552,0.012803503105207609,0.020211624166864568,0.018529308047737017,3.837725402386367E-4,-6.495575892965123E-4,0.004958325921782981,-3.37515338041851E-4,-0.005269852543040787,-0.0019814760589141243,0.0010031005316653641,-0.0024539402839878557,-0.0025843029585721957,-0.03810366456841022,-0.013262078379300685,-0.004911911385337239,-0.0058404478638300365,-0.002602262459773012,8.865547280204032E-4,0.002160106374935978,0.0018025388550961892,0.004495092437729723,0.0058477391548685965,0.002639124175529876,0.0043552900070155665],[-102.02002954271296,-0.032990450735485316,0.06958316101836166,0.10132632047475043,0.03534244429999188,-0.011899698631633399,0.01177061035383969,-0.005574264082233993,0.0037310574318643714,-0.0016756045328828093,-0.01019105853847723,-0.01243962364431653,-0.004937905542164479,-0.0034309911113243456,-2.534775100381931E-4,0.007393164818282426,0.00197252232643676,2.2616376087907677E-4,0.003029435129638547,0.0015489885609392246,-6.386007960113649E-4,-4.461953854615358E-4,-2.0575765077180652E-4,-0.0013263510873791247,-6.793600470364368E-4,-5.134734141176857E-4,-3.474843567403539E-4,0.00592806362086963,-0.009026711346063011,-0.018606411683402126,-0.005128851228367229,-3.518581352008831E-4,-7.845393242534788E-4,3.041236594063966E-4,8.65843402901635E-4,0.0010758898742395378,0.0018545255820798551,0.002268008470525039,0.0016683708327890705,0.001255647989085548],[185.01385194911197,-0.010518650486396483,-0.004757651369577714,0.03534244429999188,0.07766426103591954,0.010816341839931876,-0.003265512850273464,0.0015264916052558097,0.004782803842559921,4.921104314586451E-5,-0.0016255546093878167,-0.006483669840392917,-0.006640302281632085,-0.001585156863373936,0.004784710273394679,-0.003932495310927429,-5.186572582947084E-4,-0.0019601583484382314,-9.97179154792525E-4,9.816733511531033E-4,3.0784763409409324E-4,-6.497707603795608E-4,3.6050601983866426E-4,-2.7714185031229996E-4,-3.016797476081739E-4,2.2417209897649092E-4,3.10827533260338E-4,0.0033380754603900896,0.00167943468880569,-0.0048216755173152645,-0.01571406108482573,-0.003378246795757821,0.0014463089622841247,-2.308530320463984E-4,6.722640483021533E-4,5.901276003043868E-4,9.417992032627769E-4,9.934130655792767E-4,0.0012096109381798117,6.968232111520514E-4],[-975.7127092950275,-0.014778828565457227,0.09035778223666777,-0.011899698631633399,0.010816341839931876,0.08431023365331872,0.006851837999687093,-0.00375396104296348,-0.005663766068800204,-0.0032791912323902254,-0.006811384907456593,-0.0018785401447459853,-0.005058654464165181,-0.00930788824213007,0.012443340023065238,-0.028005273025695505,-0.001786778171570413,0.0035644338467986426,-0.00202152793312244,-0.0017855627412760862,0.0020821046195697167,0.0014795140992535103,4.968876951655135E-4,0.0012363130985324031,0.0014548995372575871,0.001245158250671557,0.0011911760465622059,-8.202947917816027E-4,-0.0010732869963968755,4.60808145195154E-5,-0.004645162011397684,-0.013363062410398644,-0.0015271260472160052,0.0020682057674636938,5.638729747312918E-4,3.0072235155840615E-4,9.618979041393256E-4,0.0011456335546924845,4.092385676876555E-4,7.284875583714752E-4],[-130.94533309249636,-0.025379410855591863,0.023334000380629057,0.01177061035383969,-0.003265512850273464,0.006851837999687093,0.034136811570956736,0.003955017524203726,-0.0036279127596272422,-0.0016281949351825142,-0.001605686960403858,-4.8202574493307217E-4,0.0012395072758907637,-0.0012524033831855107,0.001727984448659663,-0.005755680517325653,-5.391669877689224E-4,5.280561266986784E-5,-2.2770253835654888E-4,-1.6228423567391155E-4,6.217678234031962E-4,4.0926247250838406E-4,1.7741705622666227E-4,1.1929320190038955E-4,1.8305240687587005E-4,8.35638363067993E-5,1.9998969891848784E-4,1.3022206868041727E-4,-8.806735321061858E-4,1.0784412477163239E-4,0.0014757317859066315,-0.002056820872314719,-0.011270167267563967,-0.0011648600770909527,0.002014563031241207,4.4906506709535744E-4,4.357632117151967E-4,7.630752914015559E-6,6.238931329147233E-5,2.3771687246217674E-4],[300.1504463695782,0.0026984133250816354,-0.04579492554805037,-0.005574264082233993,0.0015264916052558097,-0.00375396104296348,0.003955017524203726,0.028016344875221064,0.001425464977176981,-3.2031068057152164E-4,0.0037635403236333906,0.0026189450127058083,0.001997105705721554,0.001819584731203873,8.07604292479176E-4,-0.00694210319366526,-0.0018647027628301898,-0.0016289246628234646,-0.0025508464953161907,-3.1981833166626924E-4,5.075763606492415E-4,-3.7991775715923425E-4,3.426581314256235E-4,8.505355553673696E-4,1.907668471939494E-4,-3.1684015667173747E-4,4.914275752096786E-4,0.001276177813051558,0.0018779330368050749,0.0013107195067374679,0.0012398741776455055,0.002024255787867393,-0.001387625567805563,-0.010170313201834301,-0.0013459602260211122,0.0013362586688599014,-3.614640407849785E-4,-4.3758320400403097E-4,-5.80366193692054E-5,-2.5793286824802138E-5],[-31.509658369562377,-0.0028959121750533564,-0.0033084926050302227,0.0037310574318643714,0.004782803842559921,-0.005663766068800204,-0.0036279127596272422,0.001425464977176981,0.021698921829429573,0.0038087918327923648,-0.0022302445240664605,-0.001036138703104549,-0.001047374255784502,-2.5699370670266E-5,0.002059908427066631,-0.0023054125968330723,-2.5636085550522994E-4,-5.54224977735862E-4,-1.8941824481824595E-4,-7.644611914830703E-5,1.4318193168691036E-4,-2.8741809915139576E-4,1.2569187944665714E-4,3.509959930382674E-4,2.4874313764220005E-4,-9.806395664157046E-5,-4.429370161992272E-5,0.0013225666722888252,8.604783637006935E-4,3.5304601533002103E-4,4.483168332139341E-4,9.258789473948388E-4,0.0019526614969823258,-0.0014088404004942005,-0.010067436590718537,-0.0015854415390241234,8.601770158924291E-4,-3.545250799656954E-5,6.524709114655934E-5,1.627570497046812E-4],[98.61376287321673,-0.02139542323662194,-0.035573172813448156,-0.0016756045328828093,4.921104314586451E-5,-0.0032791912323902254,-0.0016281949351825142,-3.2031068057152164E-4,0.0038087918327923648,0.02225072088259365,0.004537543903821102,-0.001652932609901928,6.033136764799905E-4,0.0010266828353597509,0.0021898305099037805,-0.007843773729345915,-0.0013407220082638247,-5.03541087604334E-4,-0.0012393829523174346,-2.910911708599541E-4,7.32723446017751E-4,-2.3776837826717357E-4,2.4393042813851482E-4,5.875859753722332E-4,8.048072283467455E-4,5.120305624044273E-4,6.53546505851267E-5,0.0018557962452141817,0.0029688759129752446,0.001189634138259284,6.310892064054295E-4,7.983981575580771E-4,7.947713977138552E-4,0.0015311169795967923,-0.001712056300439556,-0.010218785709402123,-0.0014381743472608782,0.0010759492617370772,-1.1528434704091009E-4,-2.2146804550934153E-5],[189.79718663097373,-0.013108988902084121,-0.04966407518191534,-0.01019105853847723,-0.0016255546093878167,-0.006811384907456593,-0.001605686960403858,0.0037635403236333906,-0.0022302445240664605,0.004537543903821102,0.020219921022694088,0.005430773836932924,6.184725545296131E-5,0.001732583188333525,-0.0014749979754580269,0.0013213961738174932,-2.659889854238118E-4,-8.949111245349419E-4,-9.850380442232229E-4,1.760866454988897E-4,1.4294440235950134E-4,-5.431266842046027E-4,1.5292757482634094E-5,2.44583714094201E-4,-1.9257693153194882E-4,-1.8538341776117835E-5,7.142738648031796E-5,0.00204882488197062,0.0036528027467707903,0.0024170142473128016,0.0017676289649004636,0.0011380109377984464,4.935813763021462E-4,-6.518787487874539E-5,7.661637901687591E-4,-0.0014150074554118849,-0.009820431228395737,-0.0017875805191885832,0.0011372960448970744,-1.0018964389259209E-4],[61.999871163797565,-0.01620170761287741,-0.033587833049661196,-0.01243962364431653,-0.006483669840392917,-0.0018785401447459853,-4.8202574493307217E-4,0.0026189450127058083,-0.001036138703104549,-0.001652932609901928,0.005430773836932924,0.018173746965124287,0.0042102213821689225,-5.292989569130605E-4,-0.00353994667132001,0.002767869453655378,-3.337334892052337E-5,-7.247996026926167E-4,-0.0010110774539884289,2.414376207315883E-4,1.915923498207605E-4,-2.943344997710564E-4,-2.8867457002862824E-4,3.331505952033464E-4,-7.701015269885703E-5,-2.3426160895629675E-4,1.691133332830764E-4,8.260022132770587E-4,0.002773047739739287,0.0022900588852577904,0.001530809094855197,0.0010543971423094371,-3.095349180645396E-5,-1.5383422884442674E-4,-3.575029477663665E-5,0.0012030310619669574,-0.0015777103849847834,-0.009405645249864597,-0.0013196208939739416,0.0010141128641018436],[135.16341464406372,-0.014307532210173656,-0.03257859114923862,-0.004937905542164479,-0.006640302281632085,-0.005058654464165181,0.0012395072758907637,0.001997105705721554,-0.001047374255784502,6.033136764799905E-4,6.184725545296131E-5,0.0042102213821689225,0.016112383817351035,0.003230796824586786,-0.0037121213858836368,0.002586339647844747,-8.618547197548169E-5,-8.284520705484264E-4,-4.6614895136302785E-4,3.0973152800707604E-4,5.311078958083513E-4,-2.247954194935632E-5,-1.9021294358804495E-4,6.66557285814748E-5,8.471486878084146E-5,-2.0905418078654138E-4,8.31465625759464E-5,7.294614995520292E-4,0.00218043996372091,0.0016614348086665598,0.0013961352477262867,6.327772925190414E-4,1.650168462939826E-4,7.886456920948697E-5,-4.414350277085843E-5,-1.673452671136877E-5,0.0012086611600952812,-0.001478010741951019,-0.008735295769537153,-9.222983476350346E-4],[208.69506513576715,-0.006735618057433824,-0.03360327803586868,-0.0034309911113243456,-0.001585156863373936,-0.00930788824213007,-0.0012524033831855107,0.001819584731203873,-2.5699370670266E-5,0.0010266828353597509,0.001732583188333525,-5.292989569130605E-4,0.003230796824586786,0.01475491771848085,-0.003812141326039706,0.004727980770174038,4.0209055293299347E-4,-8.69962202426268E-4,-3.200714072335228E-4,2.0666359622829064E-4,-2.724003489477413E-4,-8.24157806331155E-5,-1.2752111134850736E-4,-4.0671066808794334E-5,-1.7696007839341235E-4,-2.489302484953431E-4,-1.0132576643695879E-4,0.0012936436635816134,0.0014541320889972177,0.0011181931956464083,7.580951947569185E-4,7.069889858332106E-4,3.0189186970564874E-4,2.511595964676871E-4,8.295032754748307E-5,6.694331557255208E-5,4.3332209082730904E-5,0.0010070582483657274,-8.250574907642234E-4,-0.008224033445050514],[-20.951793039210454,0.019791670774206245,0.027088583369698133,-2.534775100381931E-4,0.004784710273394679,0.012443340023065238,0.001727984448659663,8.07604292479176E-4,0.002059908427066631,0.0021898305099037805,-0.0014749979754580269,-0.00353994667132001,-0.0037121213858836368,-0.003812141326039706,0.2215956539374759,0.02508895287709232,4.341434069471805E-4,-0.015476837178927783,-0.020216951329135653,-0.011954948202732104,-4.419803819325667E-4,-0.00337750716210858,-0.00696055322912841,-0.004965150371426376,-0.0013572189867449317,-0.0016062048795508078,-0.0028553163506061813,0.003657007318406908,-0.0017379517107065337,-0.0011440658779944947,-4.0820299462113706E-4,-7.874975963413436E-4,-0.0010842690857939196,-6.431422285644307E-4,-0.0011678751487575493,-0.0010919529840972544,-8.517034810917685E-4,-8.96808073404085E-5,-1.9634338211245016E-4,2.532201352386847E-4],[64.53527427819651,-0.017174335689987913,-0.006061263645532552,0.007393164818282426,-0.003932495310927429,-0.028005273025695505,-0.005755680517325653,-0.00694210319366526,-0.0023054125968330723,-0.007843773729345915,0.0013213961738174932,0.002767869453655378,0.002586339647844747,0.004727980770174038,0.02508895287709232,0.19853899010892248,0.040566568829776474,-0.012303326835134609,-1.5518917039837393E-4,0.0020882582802907446,-0.010484079697542493,-0.003899433299319955,-0.012266879247846212,-0.014850434778707691,-0.010019456658539889,-0.008461710113581794,-0.006140807657133662,0.0025453334320933536,-3.820275926223912E-5,2.0732304608382676E-4,-4.029578311160225E-4,3.2141727919920526E-4,-8.788477917243745E-4,-0.0017730761356733735,1.7535650664683385E-5,-4.510561580219671E-4,-0.0015476247071533884,-7.736846584780882E-4,3.741204995153074E-5,-2.23249806896173E-4],[-146.00915526818696,-0.011534701585859833,0.012803503105207609,0.00197252232643676,-5.186572582947084E-4,-0.001786778171570413,-5.391669877689224E-4,-0.0018647027628301898,-2.5636085550522994E-4,-0.0013407220082638247,-2.659889854238118E-4,-3.337334892052337E-5,-8.618547197548169E-5,4.0209055293299347E-4,4.341434069471805E-4,0.040566568829776474,0.03924168832742886,0.009144338885032091,-1.3403775540199724E-4,-6.890304648019196E-4,-0.00316600851628356,-0.0013405549786023362,-0.003351070659416319,-0.005066353400369872,-0.004771536300245134,-0.0035051922103308216,-0.002546796049999605,6.020165156730865E-4,-1.3655005925255304E-4,1.2195529062105272E-4,-4.0316344921885824E-5,-2.8713251151638264E-4,-6.094757444478357E-4,-7.431933183064846E-4,-1.7681586257745253E-4,-3.335030550823858E-4,-6.99940513687495E-4,7.246055306329717E-5,-1.562228266807228E-4,1.1843104924773862E-4],[-175.21486391689044,-0.004542361392453792,0.020211624166864568,2.2616376087907677E-4,-0.0019601583484382314,0.0035644338467986426,5.280561266986784E-5,-0.0016289246628234646,-5.54224977735862E-4,-5.03541087604334E-4,-8.949111245349419E-4,-7.247996026926167E-4,-8.284520705484264E-4,-8.69962202426268E-4,-0.015476837178927783,-0.012303326835134609,0.009144338885032091,0.0335478664129376,0.011996475451930977,-0.0015627597878363655,-0.001600947515764057,-5.339868029141582E-4,-1.5404308587073912E-4,-0.0016936957540871806,-0.002282092731538589,-0.0021712054278419197,-0.0011719798723906095,0.0011226324686688372,9.124698795555257E-4,2.2869661377762472E-4,3.9127087885274714E-5,-6.790069967942902E-5,-1.918439272588584E-4,-2.906392738443128E-4,-6.068039624331287E-5,-4.798357308693411E-4,-7.841044933154894E-4,-2.3943504346503875E-4,-2.521876376480116E-4,-1.5133694045952115E-4],[-136.980615427263,-0.006307519206002872,0.018529308047737017,0.003029435129638547,-9.97179154792525E-4,-0.00202152793312244,-2.2770253835654888E-4,-0.0025508464953161907,-1.8941824481824595E-4,-0.0012393829523174346,-9.850380442232229E-4,-0.0010110774539884289,-4.6614895136302785E-4,-3.200714072335228E-4,-0.020216951329135653,-1.5518917039837393E-4,-1.3403775540199724E-4,0.011996475451930977,0.028457660014292584,0.00653357989708682,-0.003180077546655851,-0.0013205508626737744,-0.0010734293558943982,-0.0015094571343795408,-0.001577961717008536,-0.0010442279661918008,-0.0012513985525445543,4.948224537985013E-4,5.195514845248737E-4,3.839875504360948E-4,1.0203895644005113E-5,-5.865716412638474E-5,1.6639139999286873E-6,-1.2759924357261411E-4,-7.530839801552076E-5,-1.2462869967586724E-4,-1.3743342903275275E-4,-1.3879063980429582E-4,-6.106367566941826E-5,6.264212939399693E-6],[-40.33478455750207,-0.004150502795207429,3.837725402386367E-4,0.0015489885609392246,9.816733511531033E-4,-0.0017855627412760862,-1.6228423567391155E-4,-3.1981833166626924E-4,-7.644611914830703E-5,-2.910911708599541E-4,1.760866454988897E-4,2.414376207315883E-4,3.0973152800707604E-4,2.0666359622829064E-4,-0.011954948202732104,0.0020882582802907446,-6.890304648019196E-4,-0.0015627597878363655,0.00653357989708682,0.02213378196576335,0.003958837254801256,-0.003069126301509109,-0.001357856563787041,-7.689887286328427E-4,3.051882778906745E-4,-3.236917584498561E-5,-5.055380834820024E-4,3.094519780626611E-4,8.89137848091565E-4,7.297682235912448E-4,1.540707742222664E-4,-2.0839691502961152E-5,-3.4483106920041073E-5,-2.352159866471342E-4,-1.5006071291540791E-5,-1.0542789510482242E-4,-2.5857430218197835E-4,-4.444063399704525E-4,-3.5733362733046426E-4,-8.74802668155806E-5],[-25.432318538084296,-9.886357333773368E-4,-6.495575892965123E-4,-6.386007960113649E-4,3.0784763409409324E-4,0.0020821046195697167,6.217678234031962E-4,5.075763606492415E-4,1.4318193168691036E-4,7.32723446017751E-4,1.4294440235950134E-4,1.915923498207605E-4,5.311078958083513E-4,-2.724003489477413E-4,-4.419803819325667E-4,-0.010484079697542493,-0.00316600851628356,-0.001600947515764057,-0.003180077546655851,0.003958837254801256,0.019532963084056443,0.0032861725371419914,-0.0016230353290285686,7.355824869292481E-4,7.996504933571269E-4,6.263162353891459E-4,-6.216616253454984E-5,3.7770522494897415E-4,0.0013248816322931965,7.911927989700649E-4,3.14446334222973E-4,1.4798602906281594E-4,2.535453894189086E-4,6.653430804187362E-5,-1.1324179932570935E-4,-1.123719969664785E-4,-2.470247544856686E-4,-2.849484315382123E-4,-6.409598689188151E-4,-2.0684326354326022E-4],[-40.12195686996695,-0.0010716371822920377,0.004958325921782981,-4.461953854615358E-4,-6.497707603795608E-4,0.0014795140992535103,4.0926247250838406E-4,-3.7991775715923425E-4,-2.8741809915139576E-4,-2.3776837826717357E-4,-5.431266842046027E-4,-2.943344997710564E-4,-2.247954194935632E-5,-8.24157806331155E-5,-0.00337750716210858,-0.003899433299319955,-0.0013405549786023362,-5.339868029141582E-4,-0.0013205508626737744,-0.003069126301509109,0.0032861725371419914,0.018516033760438685,0.004106898976629071,-0.0010797964572369077,-2.2462738542091792E-4,-1.6805161229612996E-4,-1.4733771608976721E-5,0.0013845764311153307,3.5225872228654073E-4,1.4066215876195348E-4,-1.639571199724761E-4,2.159529224125927E-5,1.7713826050857733E-5,-1.3080079848468962E-5,3.030410657187991E-5,-2.1999451204678486E-5,1.6998342231927703E-4,2.2627697280855883E-4,-2.1078858757880067E-4,-1.9978693631913345E-5],[0.1935065056373993,-1.0155254351057768E-4,-3.37515338041851E-4,-2.0575765077180652E-4,3.6050601983866426E-4,4.968876951655135E-4,1.7741705622666227E-4,3.426581314256235E-4,1.2569187944665714E-4,2.4393042813851482E-4,1.5292757482634094E-5,-2.8867457002862824E-4,-1.9021294358804495E-4,-1.2752111134850736E-4,-0.00696055322912841,-0.012266879247846212,-0.003351070659416319,-1.5404308587073912E-4,-0.0010734293558943982,-0.001357856563787041,-0.0016230353290285686,0.004106898976629071,0.01886392308703162,0.004067996273828799,-0.0012997657622130468,1.1565889485466522E-4,5.104674054676887E-5,7.940671930804356E-4,6.957158534068672E-4,4.0026721055632194E-4,3.876388920413857E-4,2.309478262560135E-5,1.1957978641728188E-4,9.414025535348407E-5,-4.5091628961887684E-5,-4.408891766989516E-5,5.489032345605271E-5,-1.589230846463496E-5,-2.4050169362933182E-4,-1.5558723110943768E-4],[29.707110709942302,0.0010194265916426838,-0.005269852543040787,-0.0013263510873791247,-2.7714185031229996E-4,0.0012363130985324031,1.1929320190038955E-4,8.505355553673696E-4,3.509959930382674E-4,5.875859753722332E-4,2.44583714094201E-4,3.331505952033464E-4,6.66557285814748E-5,-4.0671066808794334E-5,-0.004965150371426376,-0.014850434778707691,-0.005066353400369872,-0.0016936957540871806,-0.0015094571343795408,-7.689887286328427E-4,7.355824869292481E-4,-0.0010797964572369077,0.004067996273828799,0.017900285350111733,0.003933857061423918,-0.0013819866282935988,-3.826930839479006E-5,6.087145742498581E-4,0.0010614325597528694,7.483753534400254E-4,8.770208202720491E-4,1.5542131369958103E-4,2.522851966224433E-4,2.8994066088824466E-4,-2.8387522160601593E-4,-4.00750821264358E-5,4.416906464076201E-5,-2.3550796323115324E-4,-2.3314418080946025E-4,-1.7018918654606948E-4],[9.531157243329345,0.0010404755377830786,-0.0019814760589141243,-6.793600470364368E-4,-3.016797476081739E-4,0.0014548995372575871,1.8305240687587005E-4,1.907668471939494E-4,2.4874313764220005E-4,8.048072283467455E-4,-1.9257693153194882E-4,-7.701015269885703E-5,8.471486878084146E-5,-1.7696007839341235E-4,-0.0013572189867449317,-0.010019456658539889,-0.004771536300245134,-0.002282092731538589,-0.001577961717008536,3.051882778906745E-4,7.996504933571269E-4,-2.2462738542091792E-4,-0.0012997657622130468,0.003933857061423918,0.0165416871118627,0.0032593549751805157,-0.0014857695352322735,1.6245344073234698E-4,4.473415059826381E-4,-1.5976197174013754E-4,2.633981971206304E-4,1.6454953421383005E-4,3.852584947444767E-4,2.542545285738427E-4,-1.459341040255069E-4,6.109436171526144E-5,2.375269674646251E-4,-6.048804577708993E-5,-7.173059277341144E-5,5.1840055220410315E-5],[-6.793707743021806,5.017768248496735E-4,0.0010031005316653641,-5.134734141176857E-4,2.2417209897649092E-4,0.001245158250671557,8.35638363067993E-5,-3.1684015667173747E-4,-9.806395664157046E-5,5.120305624044273E-4,-1.8538341776117835E-5,-2.3426160895629675E-4,-2.0905418078654138E-4,-2.489302484953431E-4,-0.0016062048795508078,-0.008461710113581794,-0.0035051922103308216,-0.0021712054278419197,-0.0010442279661918008,-3.236917584498561E-5,6.263162353891459E-4,-1.6805161229612996E-4,1.1565889485466522E-4,-0.0013819866282935988,0.0032593549751805157,0.015504171546768178,0.0022425477857274567,-4.976086782170037E-5,7.839304380477268E-5,1.2350472087633272E-4,1.324060521076487E-4,-1.0829796820602172E-5,4.3422545166674225E-4,6.774824280804789E-4,2.171242119196767E-4,2.44127560458554E-4,2.775669894350341E-4,9.972905181517244E-5,-2.1510524027202083E-5,2.6395144756176126E-4],[11.289445666924037,0.001666990199757878,-0.0024539402839878557,-3.474843567403539E-4,3.10827533260338E-4,0.0011911760465622059,1.9998969891848784E-4,4.914275752096786E-4,-4.429370161992272E-5,6.53546505851267E-5,7.142738648031796E-5,1.691133332830764E-4,8.31465625759464E-5,-1.0132576643695879E-4,-0.0028553163506061813,-0.006140807657133662,-0.002546796049999605,-0.0011719798723906095,-0.0012513985525445543,-5.055380834820024E-4,-6.216616253454984E-5,-1.4733771608976721E-5,5.104674054676887E-5,-3.826930839479006E-5,-0.0014857695352322735,0.0022425477857274567,0.014486772280043494,-5.468512527652417E-4,4.848379683477328E-5,-1.0921704619018184E-4,5.7159946961139534E-5,-5.677092169944137E-5,8.595019022123024E-5,2.3071615052255165E-4,5.187003566293589E-5,2.0165543905667504E-4,2.198128203709859E-4,-3.8673951313632646E-5,-2.3485774514531404E-4,-2.7464124381458424E-5],[-125.1145123482143,-0.04657317308856413,-0.0025843029585721957,0.00592806362086963,0.0033380754603900896,-8.202947917816027E-4,1.3022206868041727E-4,0.001276177813051558,0.0013225666722888252,0.0018557962452141817,0.00204882488197062,8.260022132770587E-4,7.294614995520292E-4,0.0012936436635816134,0.003657007318406908,0.0025453334320933536,6.020165156730865E-4,0.0011226324686688372,4.948224537985013E-4,3.094519780626611E-4,3.7770522494897415E-4,0.0013845764311153307,7.940671930804356E-4,6.087145742498581E-4,1.6245344073234698E-4,-4.976086782170037E-5,-5.468512527652417E-4,0.2202649883923166,0.12679361964647556,0.029981192445892493,-0.028536426029762318,-0.029189991122721075,-0.011134733140014936,-0.004217365017983461,-0.006453796377627161,-0.012964483348557133,-0.010338203679921746,-0.004445984318948164,-0.004466693006467247,-0.005267696783457448],[236.71047934912028,-0.0015363093383758703,-0.03810366456841022,-0.009026711346063011,0.00167943468880569,-0.0010732869963968755,-8.806735321061858E-4,0.0018779330368050749,8.604783637006935E-4,0.0029688759129752446,0.0036528027467707903,0.002773047739739287,0.00218043996372091,0.0014541320889972177,-0.0017379517107065337,-3.820275926223912E-5,-1.3655005925255304E-4,9.124698795555257E-4,5.195514845248737E-4,8.89137848091565E-4,0.0013248816322931965,3.5225872228654073E-4,6.957158534068672E-4,0.0010614325597528694,4.473415059826381E-4,7.839304380477268E-5,4.848379683477328E-5,0.12679361964647556,0.1270031090339819,0.03790155184001395,-0.019760607130922685,-0.020545574034624606,-0.008729262313553898,-0.0031066785548994284,-0.0052996902469957564,-0.010715715358633181,-0.009662806249076084,-0.005685164822689303,-0.00489865550402425,-0.004793873204135208],[67.82744640552791,0.0050070873334105035,-0.013262078379300685,-0.018606411683402126,-0.0048216755173152645,4.60808145195154E-5,1.0784412477163239E-4,0.0013107195067374679,3.5304601533002103E-4,0.001189634138259284,0.0024170142473128016,0.0022900588852577904,0.0016614348086665598,0.0011181931956464083,-0.0011440658779944947,2.0732304608382676E-4,1.2195529062105272E-4,2.2869661377762472E-4,3.839875504360948E-4,7.297682235912448E-4,7.911927989700649E-4,1.4066215876195348E-4,4.0026721055632194E-4,7.483753534400254E-4,-1.5976197174013754E-4,1.2350472087633272E-4,-1.0921704619018184E-4,0.029981192445892493,0.03790155184001395,0.041138752458061645,0.006987666983190831,-0.004348982150982412,-0.002954599523544386,-0.0025473364044400534,-0.002931316991334067,-0.004314458877915288,-0.004945509072728801,-0.0045285482253106845,-0.0035593715828147825,-0.00296997128403164],[-42.970502378999214,0.0027396769407385343,-0.004911911385337239,-0.005128851228367229,-0.01571406108482573,-0.004645162011397684,0.0014757317859066315,0.0012398741776455055,4.483168332139341E-4,6.310892064054295E-4,0.0017676289649004636,0.001530809094855197,0.0013961352477262867,7.580951947569185E-4,-4.0820299462113706E-4,-4.029578311160225E-4,-4.0316344921885824E-5,3.9127087885274714E-5,1.0203895644005113E-5,1.540707742222664E-4,3.14446334222973E-4,-1.639571199724761E-4,3.876388920413857E-4,8.770208202720491E-4,2.633981971206304E-4,1.324060521076487E-4,5.7159946961139534E-5,-0.028536426029762318,-0.019760607130922685,0.006987666983190831,0.03743488776924495,0.014900892308138127,5.412175278787732E-4,-0.0017632895910910868,-0.0015467624201419396,1.6695423420277737E-4,-0.0013371318642112124,-0.002505575240572164,-0.0022521872324256205,-9.69443697343322E-4],[77.87178647492713,8.406406500572536E-4,-0.0058404478638300365,-3.518581352008831E-4,-0.003378246795757821,-0.013363062410398644,-0.002056820872314719,0.002024255787867393,9.258789473948388E-4,7.983981575580771E-4,0.0011380109377984464,0.0010543971423094371,6.327772925190414E-4,7.069889858332106E-4,-7.874975963413436E-4,3.2141727919920526E-4,-2.8713251151638264E-4,-6.790069967942902E-5,-5.865716412638474E-5,-2.0839691502961152E-5,1.4798602906281594E-4,2.159529224125927E-5,2.309478262560135E-5,1.5542131369958103E-4,1.6454953421383005E-4,-1.0829796820602172E-5,-5.677092169944137E-5,-0.029189991122721075,-0.020545574034624606,-0.004348982150982412,0.014900892308138127,0.03209086404979034,0.00816691488446455,-0.001899637749920681,-8.702255664388409E-4,-2.4238371871697577E-5,-4.3812725321789887E-4,-0.0013781068083443552,-9.105769176374968E-4,-6.822043968794266E-4],[-8.171850860812574,0.001007437217697142,-0.002602262459773012,-7.845393242534788E-4,0.0014463089622841247,-0.0015271260472160052,-0.011270167267563967,-0.001387625567805563,0.0019526614969823258,7.947713977138552E-4,4.935813763021462E-4,-3.095349180645396E-5,1.650168462939826E-4,3.0189186970564874E-4,-0.0010842690857939196,-8.788477917243745E-4,-6.094757444478357E-4,-1.918439272588584E-4,1.6639139999286873E-6,-3.4483106920041073E-5,2.535453894189086E-4,1.7713826050857733E-5,1.1957978641728188E-4,2.522851966224433E-4,3.852584947444767E-4,4.3422545166674225E-4,8.595019022123024E-5,-0.011134733140014936,-0.008729262313553898,-0.002954599523544386,5.412175278787732E-4,0.00816691488446455,0.024867948040743708,0.0050783178230879395,-0.002015334943622098,-6.231737463723414E-4,-5.716415505277556E-4,3.5443055516451807E-4,3.3893939197844925E-5,-6.599832762509336E-4],[-18.843725053833225,3.4014151393059916E-4,8.865547280204032E-4,3.041236594063966E-4,-2.308530320463984E-4,0.0020682057674636938,-0.0011648600770909527,-0.010170313201834301,-0.0014088404004942005,0.0015311169795967923,-6.518787487874539E-5,-1.5383422884442674E-4,7.886456920948697E-5,2.511595964676871E-4,-6.431422285644307E-4,-0.0017730761356733735,-7.431933183064846E-4,-2.906392738443128E-4,-1.2759924357261411E-4,-2.352159866471342E-4,6.653430804187362E-5,-1.3080079848468962E-5,9.414025535348407E-5,2.8994066088824466E-4,2.542545285738427E-4,6.774824280804789E-4,2.3071615052255165E-4,-0.004217365017983461,-0.0031066785548994284,-0.0025473364044400534,-0.0017632895910910868,-0.001899637749920681,0.0050783178230879395,0.022190273156354634,0.004524438358493257,-0.0013919220630653393,7.146988102920771E-4,3.870609279432847E-4,1.3310229696827355E-4,-5.412971420887011E-4],[17.58858987409729,9.44288988174628E-5,0.002160106374935978,8.65843402901635E-4,6.722640483021533E-4,5.638729747312918E-4,0.002014563031241207,-0.0013459602260211122,-0.010067436590718537,-0.001712056300439556,7.661637901687591E-4,-3.575029477663665E-5,-4.414350277085843E-5,8.295032754748307E-5,-0.0011678751487575493,1.7535650664683385E-5,-1.7681586257745253E-4,-6.068039624331287E-5,-7.530839801552076E-5,-1.5006071291540791E-5,-1.1324179932570935E-4,3.030410657187991E-5,-4.5091628961887684E-5,-2.8387522160601593E-4,-1.459341040255069E-4,2.171242119196767E-4,5.187003566293589E-5,-0.006453796377627161,-0.0052996902469957564,-0.002931316991334067,-0.0015467624201419396,-8.702255664388409E-4,-0.002015334943622098,0.004524438358493257,0.021445315988801263,0.005331310473512466,-6.763057172259798E-5,4.8168582515482596E-4,-2.0713025153265552E-6,1.8426741682775156E-5],[-17.9378326725788,0.0022801506730523763,0.0018025388550961892,0.0010758898742395378,5.901276003043868E-4,3.0072235155840615E-4,4.4906506709535744E-4,0.0013362586688599014,-0.0015854415390241234,-0.010218785709402123,-0.0014150074554118849,0.0012030310619669574,-1.673452671136877E-5,6.694331557255208E-5,-0.0010919529840972544,-4.510561580219671E-4,-3.335030550823858E-4,-4.798357308693411E-4,-1.2462869967586724E-4,-1.0542789510482242E-4,-1.123719969664785E-4,-2.1999451204678486E-5,-4.408891766989516E-5,-4.00750821264358E-5,6.109436171526144E-5,2.44127560458554E-4,2.0165543905667504E-4,-0.012964483348557133,-0.010715715358633181,-0.004314458877915288,1.6695423420277737E-4,-2.4238371871697577E-5,-6.231737463723414E-4,-0.0013919220630653393,0.005331310473512466,0.022315552096177766,0.004833654163222343,-7.659758187065421E-4,5.740213006061663E-4,-6.0914843491126805E-5],[-5.141438987522332,0.0016012475179931396,0.004495092437729723,0.0018545255820798551,9.417992032627769E-4,9.618979041393256E-4,4.357632117151967E-4,-3.614640407849785E-4,8.601770158924291E-4,-0.0014381743472608782,-0.009820431228395737,-0.0015777103849847834,0.0012086611600952812,4.3332209082730904E-5,-8.517034810917685E-4,-0.0015476247071533884,-6.99940513687495E-4,-7.841044933154894E-4,-1.3743342903275275E-4,-2.5857430218197835E-4,-2.470247544856686E-4,1.6998342231927703E-4,5.489032345605271E-5,4.416906464076201E-5,2.375269674646251E-4,2.775669894350341E-4,2.198128203709859E-4,-0.010338203679921746,-0.009662806249076084,-0.004945509072728801,-0.0013371318642112124,-4.3812725321789887E-4,-5.716415505277556E-4,7.146988102920771E-4,-6.763057172259798E-5,0.004833654163222343,0.020471722787402606,0.004491841143733915,-0.00120007506547723,2.7269714984461433E-4],[-20.100407365541937,3.5107809061880305E-4,0.0058477391548685965,0.002268008470525039,9.934130655792767E-4,0.0011456335546924845,7.630752914015559E-6,-4.3758320400403097E-4,-3.545250799656954E-5,0.0010759492617370772,-0.0017875805191885832,-0.009405645249864597,-0.001478010741951019,0.0010070582483657274,-8.96808073404085E-5,-7.736846584780882E-4,7.246055306329717E-5,-2.3943504346503875E-4,-1.3879063980429582E-4,-4.444063399704525E-4,-2.849484315382123E-4,2.2627697280855883E-4,-1.589230846463496E-5,-2.3550796323115324E-4,-6.048804577708993E-5,9.972905181517244E-5,-3.8673951313632646E-5,-0.004445984318948164,-0.005685164822689303,-0.0045285482253106845,-0.002505575240572164,-0.0013781068083443552,3.5443055516451807E-4,3.870609279432847E-4,4.8168582515482596E-4,-7.659758187065421E-4,0.004491841143733915,0.019292919161564587,0.0038607893246138825,-9.762230700181592E-4],[-7.816739657984058,6.498286967772995E-4,0.002639124175529876,0.0016683708327890705,0.0012096109381798117,4.092385676876555E-4,6.238931329147233E-5,-5.80366193692054E-5,6.524709114655934E-5,-1.1528434704091009E-4,0.0011372960448970744,-0.0013196208939739416,-0.008735295769537153,-8.250574907642234E-4,-1.9634338211245016E-4,3.741204995153074E-5,-1.562228266807228E-4,-2.521876376480116E-4,-6.106367566941826E-5,-3.5733362733046426E-4,-6.409598689188151E-4,-2.1078858757880067E-4,-2.4050169362933182E-4,-2.3314418080946025E-4,-7.173059277341144E-5,-2.1510524027202083E-5,-2.3485774514531404E-4,-0.004466693006467247,-0.00489865550402425,-0.0035593715828147825,-0.0022521872324256205,-9.105769176374968E-4,3.3893939197844925E-5,1.3310229696827355E-4,-2.0713025153265552E-6,5.740213006061663E-4,-0.00120007506547723,0.0038607893246138825,0.01834475861054526,0.002978730397061604],[-16.165272565108218,7.014195056404258E-5,0.0043552900070155665,0.001255647989085548,6.968232111520514E-4,7.284875583714752E-4,2.3771687246217674E-4,-2.5793286824802138E-5,1.627570497046812E-4,-2.2146804550934153E-5,-1.0018964389259209E-4,0.0010141128641018436,-9.222983476350346E-4,-0.008224033445050514,2.532201352386847E-4,-2.23249806896173E-4,1.1843104924773862E-4,-1.5133694045952115E-4,6.264212939399693E-6,-8.74802668155806E-5,-2.0684326354326022E-4,-1.9978693631913345E-5,-1.5558723110943768E-4,-1.7018918654606948E-4,5.1840055220410315E-5,2.6395144756176126E-4,-2.7464124381458424E-5,-0.005267696783457448,-0.004793873204135208,-0.00296997128403164,-9.69443697343322E-4,-6.822043968794266E-4,-6.599832762509336E-4,-5.412971420887011E-4,1.8426741682775156E-5,-6.0914843491126805E-5,2.7269714984461433E-4,-9.762230700181592E-4,0.002978730397061604,0.017239582128308114]]}}
